RA DEC
9.750649472419568 0.8283233841101685
9.751789693507135 0.8377360714624061
9.752041565731881 0.8433866962941106
9.753393528520348 0.6328285649303761
9.753971535670315 0.7026512422934028
9.754273028946844 0.7696397072721064
9.755473790494046 0.659249526750441
9.760516590970711 0.6516453037006918
9.760854865819539 0.6706520159507832
9.761330708105607 0.6441458111801116
9.76180993337485 0.7136989429887888
9.762077751695745 0.6315028226023873
9.762760313712917 0.7212455825631541
9.76338738991915 0.6272334353412121
9.763462167504146 0.76013180818441
9.76433647234827 0.7152360615004918
9.764384459513279 0.8058791924325104
9.765475827445261 0.6621455294229317
9.766490916178963 0.8566711778892924
9.766562248793495 0.7790205261142628
9.766826189727407 0.794262472983344
9.767375776277031 0.7977737410985285
9.76756968208861 0.8115971468175844
9.767797400497969 0.7568500577303972
9.76784823420376 0.6867931496163523
9.76833633731844 0.7064001080372319
9.76886853771289 0.7314085940880887
9.769723449338809 0.7863249908880053
9.772899816745447 0.8274505314241705
9.773045193848196 0.688925082965458
9.774193322402862 0.6319193200459615
9.77422867306666 0.7740887005811777
9.774402686378034 0.7570652774900551
9.776254748421156 0.7194307319466915
9.77658078073899 0.6910677947410296
9.77844346443796 0.7337035037840635
9.778956387425824 0.7975685269826999
9.779433520038568 0.6698785862104786
9.781139964076424 0.6409444605471536
9.781839754856064 0.6426842832648824
9.783754181471656 0.8465861389234767
9.785239803253216 0.8222705342358604
9.786041597632314 0.7121666765976279
9.786860162329026 0.6733734617181337
9.786862495829284 0.8657537861634056
9.78705444955216 0.7366608738122635
9.788587721860095 0.6360661773938365
9.789922555029571 0.8007329398665646
9.790853750914001 0.7012833203204598
9.791824888826392 0.6528210379132431
9.79234119894511 0.6487372481428708
9.79264178840457 0.8007065186383091
9.792816628201109 0.8349889921025716
9.792842942194573 0.7908901543183761
9.793312988721485 0.7945048469852154
9.793808084898776 0.6799705795732441
9.794691196488875 0.7627191702849724
9.794887977560792 0.8379174321191936
9.794968879590286 0.6830358399726075
9.795400722667994 0.6434039423997809
9.795966511964872 0.7105961263811812
9.79603943564517 0.6328546813456402
9.7975812286264 0.7999482438792574
9.797593010168985 0.6968225470070019
9.799395218202903 0.6560004026774823
9.799951134228746 0.8059263580878439
9.802446671507742 0.8154932690379327
9.80271218450656 0.6501491210078227
9.80333775474826 0.6313888762983942
9.80347068748153 0.6584619500329395
9.803949706094441 0.6254543689775225
9.805024621324181 0.7724561358411848
9.805325651616084 0.788802341435763
9.806068412151603 0.8187998161902885
9.807176396197706 0.8186029464960085
9.807478608750717 0.8125219328769704
9.807923972691272 0.7195478347772992
9.808249861228086 0.809425769016299
9.808620230619056 0.6347811972275339
9.810323961777948 0.6564636754345389
9.81060866080368 0.6798144902525043
9.812214725495869 0.7367833912504331
9.812567197929583 0.7411467053674368
9.813226737399592 0.7967172988039575
9.81388269122937 0.8046408018161653
9.815326447211374 0.8025889083401828
9.816565873549091 0.7678515014724989
9.817045191385317 0.7044566973244275
9.818497378083672 0.7191628572774195
9.818620341063635 0.7371599589294408
9.819092548572494 0.7851775418955884
9.820307681513558 0.802433634747636
9.820589028379867 0.7505164107658285
9.82073808122479 0.7065499284524269
9.820869832845244 0.8372576368074353
9.821462067996983 0.7118990860771128
9.821639327588063 0.8157345157229436
9.821719185461786 0.6898585063169839
9.821722256332158 0.7302840260783235
9.821893395145501 0.6599525109524422
9.822775841838359 0.7105609584021477
9.823834803704441 0.7691039144116864
9.824348122593547 0.7283572593242962
9.824578929628796 0.7618498066785008
9.826696920352198 0.7670490450357423
9.826829079532624 0.8748404561491228
9.827420025013655 0.7141207622359098
9.82753741347823 0.8638518161091782
9.828375929416744 0.8377116511096109
9.828835088028047 0.8445182323915653
9.829694710613646 0.8144102845975144
9.830579007720447 0.8629369634533104
9.830615986229395 0.8458537119486942
9.830913922459839 0.7755005854422746
9.831573710086555 0.8320678397901926
9.831688787177576 0.8130571662787799
9.83172423245615 0.763702293075607
9.831834013430377 0.6645104215995263
9.832310855183792 0.7218704822232818
9.832479891992568 0.8354695607876745
9.832491384790718 0.713161321715225
9.83258462105897 0.6739006338891883
9.832940349970354 0.7611312498122391
9.833348590782142 0.855734651848229
9.833387815151454 0.6652221884194909
9.834407928403365 0.6841847993267531
9.835887671400284 0.7901087858345611
9.836353686232128 0.8745396694574119
9.836518320031232 0.8005510990559025
9.83688301516956 0.6489833289934965
9.836896027329226 0.6557285716599445
9.837600301020597 0.6322169244794281
9.83761882467868 0.6859146027613406
9.837949892487716 0.7621723524884125
9.83916276122597 0.8486269330821411
9.839429785736495 0.6744684356902638
9.839598807421982 0.8197114803081665
9.840103528319155 0.6299850989072099
9.841066452077852 0.8275777422331305
9.841292231567854 0.6543097737928436
9.84207339485132 0.8479955726856776
9.842536732555184 0.6311813055373653
9.842925667055173 0.8000710650363869
9.84300721672846 0.7939598090224408
9.843043742016722 0.7278640225404472
9.843193265516932 0.8140955509425384
9.843892218690623 0.6884364271273331
9.844374968226472 0.8490456852101644
9.844522232460438 0.7268421542514388
9.846114861217508 0.8478424068094929
9.846334698012754 0.6617997056968712
9.846495581343754 0.7011742009548712
9.847884376624055 0.8740245641775277
9.848598213647596 0.7441338643068136
9.848717428007195 0.6963048493318696
9.84872404202645 0.6553451857697534
9.848988126000615 0.6971919610422592
9.849222615776455 0.7916998817714115
9.849518501268477 0.660674274088609
9.849535244570053 0.7630475394013666
9.849809766776922 0.8599296534275102
9.849824891576418 0.8231908569503285
9.849998356118428 0.6866537094336728
9.850885127145643 0.6995086515758264
9.851112902443436 0.8620237853472408
9.85230645912564 0.7786427336294228
9.853837960840142 0.7767337095300737
9.855004350743258 0.6598596719029431
9.855437268998912 0.6808698264717561
9.85606412099992 0.6355171721409587
9.856330808569695 0.838452890631739
9.856520210165215 0.7650853119175381
9.857068830236319 0.6262270589674487
9.857119460435657 0.6295950562635401
9.857487390235255 0.6676837143016917
9.858316478015924 0.8373382879928817
9.85851201752025 0.668903785472849
9.860305947773801 0.6305273158524742
9.860372425121696 0.7768447649479601
9.861095484860268 0.7031309797113934
9.86135255027722 0.8348566795426541
9.862945940874905 0.7809542236627592
9.863141664820704 0.8565816526676783
9.863844448990603 0.7529171075475644
9.864230032431289 0.8090345845019156
9.865986571478956 0.6602973747451829
9.867035033080832 0.7597507980509469
9.867057673321296 0.8537731081479473
9.86712190822415 0.77826821578936
9.868119824663713 0.6748790950590084
9.868646055295365 0.7344466392190021
9.86894045465884 0.6532952957620017
9.86960837074096 0.8623739157011758
9.871562348694688 0.7138909415263817
9.872441793712861 0.7382219871796739
9.872668123121766 0.6719891969538241
9.87283736560912 0.6380463424563987
9.872905459516025 0.822478289138977
9.876478129536704 0.8109606786985756
9.877159474368938 0.828249242365485
9.878060838624581 0.7027499533607438
9.878672332543642 0.6645246895710163
9.879009729242831 0.6610940947003754
9.881340148275845 0.8097831250382306
9.881474995334704 0.7281207555623003
9.881937172632291 0.6928059507918991
9.88293035781907 0.798663941040404
9.88347051154211 0.6471919416793575
9.883527588071214 0.6263215652157085
9.884643110288554 0.6667257175784254
9.885702025651984 0.8030096769648322
9.886411872925466 0.7278812246844669
9.886529813608927 0.7430751363523231
9.887007419601005 0.6309612062348899
9.887434764656518 0.8208166109534724
9.889200863397885 0.6968516773805558
9.89009384281054 0.8193088904102108
9.89037945362491 0.7090187872153656
9.89164738253531 0.7350705968314772
9.89189218354175 0.8255963562900074
9.891927318685031 0.7341096025586576
9.892013155867609 0.8556209785235339
9.892617072935266 0.6725218834447628
9.89304283652181 0.7345100513387312
9.893185622254647 0.7313151207871375
9.893322832284777 0.6985376329554068
9.893397921970681 0.7686976884351279
9.893751372569227 0.687037652188311
9.894387528339713 0.7601043692728292
9.895193753962081 0.7097886896540263
9.895738683225243 0.6493249703127664
9.897984843057184 0.7432418218590818
9.898034256705959 0.6668602318529193
9.899796650267056 0.714668095605374
9.9012577959713 0.7669777074466452
9.901759948294158 0.6735590866098451
9.902171579714569 0.8304760789853916
9.90269883507316 0.8169899376924765
9.903651084802657 0.6462976141769021
9.903673933560457 0.6479005780220255
9.903767726439172 0.7779287674653607
9.903853159429863 0.6398482859652441
9.904231690356557 0.8444869088499686
9.904508531214676 0.6330524516405005
9.90501151876873 0.6335394126760286
9.907030061899347 0.6454647970973517
9.908470833572327 0.6668056905876093
9.909327494959298 0.7238883266568567
9.909805224262811 0.6629703148359949
9.910182455346334 0.7601676861052225
9.910345147896903 0.6965451584031475
9.910908430685723 0.6847721034824925
9.912591231598753 0.7117705485255352
9.91299300284884 0.7578211361705927
9.914535559506001 0.6916949526532926
9.91524016696991 0.7435035904462357
9.915900245401629 0.8150823463339226
9.916158770909552 0.735129575473744
9.916316802683639 0.818229454796254
9.918642730771381 0.7923920588295539
9.918712484623693 0.6858563256601402
9.918865523521356 0.8721532951928974
9.919487201303916 0.6380293612719469
9.920507333683382 0.8451672669767707
9.921608383541926 0.7009226391001433
9.922154021655897 0.820568393324064
9.922395699884756 0.6952664128078581
9.922603701244592 0.700917262749654
9.924498416270692 0.692362888966239
9.924669122871261 0.634146228015586
9.925932054597746 0.6500989727632238
9.926198715328747 0.8459898404220951
9.926279761638146 0.6346186812543887
9.926683775567572 0.6839434812872114
9.927109591892679 0.7490853846884665
9.927142398245394 0.662232876801043
9.929029625044558 0.6835554830325906
9.929372804285508 0.8326203449370994
9.929516865909788 0.8611201401342078
9.930459414504858 0.7491947702440099
9.93096467807134 0.8012287039247549
9.931108963101687 0.7724139612818072
9.9311301003219 0.6676242282917543
9.93231195753156 0.7243454588370368
9.932655614855646 0.8463126310028407
9.933994731348934 0.8660690353636302
9.934123544573474 0.7859360993973818
9.934197391202542 0.7079853640304093
9.934305674812467 0.7492556125409098
9.934343187942336 0.8125120627314736
9.93457348502831 0.8599831822983504
9.935970413254896 0.6743782544862127
9.936102973452497 0.7576848141180957
9.93633893162207 0.8362979352402365
9.936383728850169 0.7258912184701338
9.936628554440112 0.764619164528147
9.937527012470849 0.8242281946355722
9.938560112733484 0.8641431724856112
9.938579495048552 0.734761654655598
9.938719815263008 0.7926024726009258
9.939385756508418 0.780509467990465
9.939596920051551 0.8216090767538003
9.940510706360904 0.683851457100459
9.941000644008254 0.822215050433255
9.942463564402395 0.7577987384599439
9.94249811631145 0.8292472836624531
9.942645415221087 0.8518388958845285
9.94272900310866 0.6505726539000991
9.945417948852342 0.636252285560466
9.945556366683853 0.7959013506067765
9.946302714867759 0.864924967486959
9.947439195719001 0.8586772007816462
9.94795237762452 0.8301452646490141
9.948186803379153 0.6842733243184389
9.950487100646894 0.7841258068246263
9.950689855209044 0.6883483103956205
9.951456861196508 0.7985644259685727
9.951809494349394 0.7213067069856736
9.952270278871904 0.737135362345775
9.952935069603877 0.6985936939906268
9.9538525809974 0.763402611675076
9.954328224894 0.8433382719466238
9.958071734557159 0.7221655719084534
9.95937831577964 0.768501034234305
9.959551372230495 0.7077086791170116
9.960064512589973 0.771153363434397
9.960894967392557 0.7715551304487958
9.961114394324184 0.702043116793592
9.961528929308894 0.7027305538385106
9.961962077900482 0.686887573164335
9.962421133532933 0.8139385729642542
9.963006810122964 0.777212718641839
9.963106486775489 0.8222602278908764
9.963385543181417 0.7972742321081359
9.965019385552308 0.8592695213955518
9.96508370745 0.6802963485498947
9.965602761036944 0.6504605093904766
9.965739464025603 0.7306902939140685
9.96583641392279 0.7929426189745552
9.96622298559943 0.7534579935765221
9.967285024158247 0.8353858316346843
9.968862943516065 0.865904016210645
9.969238340221098 0.8304925844624723
9.969674441730188 0.7056784903788775
9.971901343118681 0.6506122174220227
9.97201217446745 0.696348304055534
9.973335582518622 0.7195738747427187
9.97352713762416 0.7625189082575564
9.973597240509065 0.8069316211866764
9.974070642293091 0.7286495938016233
9.974488126625694 0.8080808575603499
9.97692603641788 0.659142348317934
9.976945582994341 0.7714833247921834
9.977183790020014 0.8359200175379117
9.97940408050312 0.7104654198354923
9.979566904417277 0.6605758713814697
9.979662396128786 0.7623752361430407
9.979982057551265 0.8053075226952383
9.98022609234333 0.6746364697585678
9.980721562672448 0.7689569250782089
9.98164569079123 0.7087528806145205
9.982402643555528 0.8344550497080881
9.983254654693171 0.7708130433310821
9.98353167175211 0.800831207189576
9.983595361642472 0.7484375837781958
9.984498007672967 0.8597035597714073
9.984834677066813 0.8468154699219788
9.984961306845552 0.7671273251272205
9.985143214129998 0.6626724804085665
9.986880992568645 0.7843577104981925
9.989890852275714 0.6757444143554419
9.991935060306245 0.798226561855148
9.992056017832102 0.8130011263548643
9.992359286091444 0.8115410590356665
9.993195737587945 0.7515892902071576
9.993660532429553 0.8558606366765938
9.994269263335479 0.8089257074352648
9.994323435970685 0.7026576388989756
9.994905974523425 0.7073103215697524
9.996354553978762 0.763561067209407
9.996420425706447 0.7457643627102116
9.997340504593891 0.8692644126338093
9.998301820217865 0.7951748675202446
9.998691868142092 0.8335968605161712
9.999158643284431 0.7441791343896091
9.999958358245001 0.7844449569205951
9.750140400676687 1.001490841737429
9.750586607769469 1.0804163260355488
9.750728600561006 1.0335447830467956
9.75083393646886 1.0813323743382734
9.752039683521106 1.0043668591113584
9.752197746931099 1.043902682059439
9.75354025411975 1.0165487452559467
9.753832111426716 1.072471620157647
9.753847673950245 0.9646600200442718
9.754383158770946 1.0192133894709703
9.75562608069248 1.0933164860623192
9.757694456853217 0.9912164394549264
9.757963506117571 1.1195302048242604
9.758462538774323 0.9402596508202188
9.759941993243213 1.0228486400453662
9.76064363341399 0.9739680246031074
9.76107485450962 0.9257277835058207
9.761563126281205 1.07392921987504
9.762464340599909 1.0654849557532142
9.762669231471113 1.055206756891585
9.763502039101619 1.1243612790125947
9.76357236325461 0.9068491258265698
9.76397610471116 0.9409729962472991
9.764017745451902 1.0785283861682813
9.765582075573356 0.8881150974662607
9.766273213487953 1.0010105726110308
9.766853735590761 0.9668738289255703
9.767508536746414 0.9793388651250706
9.76848159445987 1.0011625219309186
9.768922774768823 1.0193541788094016
9.7689306667921 0.9322469233821049
9.77101257935682 0.9047647702465796
9.772280096253274 1.122352006257157
9.774176497208408 0.9578559077495183
9.776575464392982 1.0776617258298795
9.77664574713586 1.0446893063416456
9.776652082560469 1.119212361050131
9.777054335310417 0.9456269073012354
9.778357165603845 0.9158732284860251
9.778702470452332 0.8848489286044697
9.780018363912541 1.0846992928080066
9.780179601561692 1.0797949874608503
9.780252243575163 1.121839628202384
9.780768647326074 0.9167972075360816
9.78143607318882 1.0236713010359044
9.782270943825099 0.9661078654425149
9.782497620986506 1.102560452592343
9.783384526697104 1.0038676911526343
9.783717552038631 1.1066760646913611
9.783836792705475 1.0223408844130089
9.783878032584315 1.0347439221816035
9.783944195967814 1.0156062955562561
9.784053626275867 0.9511054441008382
9.784634802390402 0.922935908417641
9.784672716524323 0.9382890761291973
9.785058326912395 0.8939720801108992
9.785059378215633 0.9919098442083498
9.785258229279947 1.0847609408379184
9.78609081412301 1.0210463678505937
9.786334956616875 1.085250741380611
9.787430118802268 1.0864216200826078
9.787596186845523 1.079186209928916
9.787643860483445 1.058817316841658
9.78795682058944 0.8803648274063675
9.788580043224432 1.0929615491926128
9.790863789836838 0.9210853815647256
9.79333775575634 0.9612502019868608
9.793738713825418 0.9921776412550812
9.793815372316091 0.9149533263331486
9.794716250333458 1.009862740992719
9.794824678244312 0.924242183198958
9.796379933798264 0.9866375525809978
9.796434055150463 0.928662961299018
9.796706121402256 0.9375935910160117
9.797665275864963 1.1156011967596162
9.79811716959821 1.1026664205993817
9.798755668685635 0.9983508756051932
9.79895564794308 1.0046083168015465
9.800093886685307 1.0784693805063519
9.801949019479956 0.9272898698433867
9.801955656846063 0.9540741301929949
9.802291372425213 1.057511626863025
9.803817383153254 0.9819665185408197
9.803970353824075 1.0843787725902438
9.804119469599955 0.9666215475631105
9.804354154482164 1.110268533159613
9.80466116974067 1.0530584645230103
9.804923000307111 1.024121861296505
9.807129033476304 0.9676651498405129
9.807221488356864 0.9285857176652643
9.807227501393012 0.9452866848684494
9.807287630457267 0.9297558737186424
9.807592112909163 0.9191959913326352
9.80764470682465 0.9471783737724767
9.807700379413017 0.9597867682737048
9.80826088955656 0.9231807995363189
9.808702215166464 1.0420739403168675
9.809559964889152 0.9014633856306027
9.810598458947581 0.9055272823978239
9.811045937709375 0.9590355238176888
9.811320306557924 1.0004464498632675
9.811355733350076 1.0075012502460474
9.811406063133099 1.018958498361684
9.813203070136941 1.0058270098902709
9.813307488996255 0.9742842117778989
9.813327922366376 0.9463214714786053
9.813978642285887 1.004669840733005
9.814179862457125 0.9038441135418125
9.814284818011206 0.9072060346966376
9.814608241994032 0.9233449398055521
9.81503815233648 0.9014259846657762
9.815364255066857 0.899908767338031
9.815728482817839 0.8976349898242881
9.816294332526825 0.9747153798864119
9.816467251147808 0.9056178547648672
9.817301890966233 0.9205264085578662
9.817529161575209 0.9024405813246331
9.817787913200876 1.027264514568099
9.81813110020499 0.9336786778238894
9.81846885663968 0.925897551714851
9.818545842092037 0.9372904235275149
9.819276615843876 1.124239941625237
9.819811185591947 0.9387808997714322
9.820093066504253 0.9334659848886993
9.820111397356197 0.9072438391562062
9.820169818121192 0.9364285315227984
9.820691949360796 0.9224761022565033
9.821545193675343 0.9421891488110814
9.821902605473287 0.9489028845167282
9.822112004538512 1.0857492067167425
9.82264700171926 0.8985507033204178
9.825114208296048 0.9502689236058381
9.82581084280592 1.0825071650369193
9.826090987325886 0.9995373575583618
9.826177894620036 1.090435352763498
9.82624481977882 1.0323216188743651
9.82652152318364 1.075950529854123
9.827421571864138 0.9736075924794784
9.82752643120611 0.9769320811873469
9.827789032951525 1.1056631712930232
9.828086003080458 0.9934287385161334
9.82841264179848 1.0837502285373886
9.829031014640735 0.9054703325955242
9.829076699191381 0.9166684522215734
9.829521750474873 1.015094892284786
9.829743433553087 0.9769738374138126
9.830036938197505 1.1109995621745659
9.83030303431322 0.9510961372753621
9.831345953211951 0.8858046485439599
9.832460523039678 0.92396282320339
9.833135395900538 0.9065989264003528
9.833274335544465 1.0900415682480533
9.83364317117689 0.8853108916345149
9.833836307512469 0.9788017217880566
9.833913691305163 1.021368372169973
9.833947871854711 0.9078731058227981
9.834163369809142 0.8872928715315195
9.835294845473088 0.9316833034134039
9.835330587723774 0.996554551834087
9.835539188302237 1.0425745017027068
9.835881794178606 0.895298713961089
9.836159791893579 1.0636271596555815
9.836436109219278 0.8964691843831146
9.836603961920096 0.8949409067721661
9.837520029001317 0.9180422795647352
9.837849940554872 0.892519371662405
9.838495370667818 0.8984777023375673
9.838578004791666 0.8912836682447273
9.838730459225932 1.0941521398846028
9.839656423322833 0.9106972762044673
9.840035803329405 0.9021624675460551
9.840197820698084 0.8992619282385549
9.840480250892947 0.9696562537771702
9.84060760950031 1.017637792012011
9.840664871566222 1.0165741773291839
9.842880104770757 1.0290664686732922
9.842954469819738 0.9546341245702912
9.843072385961259 1.1234527067476354
9.844257862207536 0.892469683288315
9.845528724085844 0.9391128906724845
9.846382023292032 1.0753558900979796
9.846705666908331 0.9312987356944407
9.847341298758973 0.9206696714779162
9.847373763178883 1.0795433736039979
9.84752151385924 0.9467157025838437
9.848331629053932 1.0903886016935618
9.848833203758188 0.9268550317953913
9.84973943279959 0.8862729759738169
9.850218624289232 1.0646041364154422
9.85053655177146 1.0134004065805684
9.851242614685244 0.9146797263172862
9.851336693662622 0.9111854742845636
9.851683110624114 1.0617407482337595
9.852043742015306 0.9043480242208874
9.852341565407349 0.9727208451211955
9.8533403593085 0.8788998841013641
9.853858513508271 0.9279790841240196
9.85476114042038 0.9550650375824359
9.855141055356277 1.040686796558739
9.856140421870824 0.9743064750601369
9.856478237306469 0.8790717455431067
9.858023208737121 0.9794222476474155
9.858733306012171 1.106707340155862
9.859696446798262 0.9040626710802054
9.860459113347689 1.0224683076320034
9.86127177139177 0.9276950749469065
9.862298989590673 1.026800362836385
9.862334396472628 0.9146777728303892
9.862555765073546 1.0826124194409135
9.862906860388366 0.9683726296509588
9.863578019355634 1.0707512927013172
9.86396936287983 0.9175640198903808
9.864011051263946 1.0895404442557832
9.864243363979197 0.8902532907030499
9.864514590178109 0.952496999355502
9.864673037842165 1.1196539824279903
9.86482537694428 1.1245112801783566
9.865186000261165 0.9253343437299021
9.865315487999057 0.8758281895344792
9.865457217281229 0.8859307414434571
9.867761360989373 0.9667012324995399
9.86911576753053 0.882717092120699
9.870137119164553 0.8935347708310084
9.870158297577914 0.9966340995954848
9.872863372968222 0.9727432972064377
9.87344748421562 1.096075869684822
9.873764702760452 0.947294539546387
9.874339703386953 1.0951534167527395
9.875617176804889 1.024557126254869
9.8757537441919 0.9920782097465001
9.876386840157686 1.0154595866339533
9.876408218854825 0.9804215193600475
9.876788987644659 1.0257636661901077
9.87769207240145 1.0492614887829725
9.878038617785219 1.0557090607774062
9.878555055474903 1.077301073754745
9.879063649314626 1.0028505196587476
9.879235936920443 0.9062877031438636
9.880376683403655 1.1099320147842815
9.880492344492644 0.9540730183061762
9.880840443914407 1.1091672434136726
9.881497257299625 0.9072228510460215
9.881808486200548 0.9737048008367407
9.882531410630692 0.9942402119211474
9.882939877781991 1.028709351353048
9.883407865177128 1.0692501990602794
9.884674350867801 1.0541859115907068
9.884705504710627 1.0283985846624875
9.884864280555137 1.0146804619363576
9.885683782176145 1.1163747558546302
9.888064453338938 0.932712769055962
9.889908400923687 1.124585217443746
9.890963052946134 0.9378007791621079
9.891427876940277 0.9049033449195871
9.892138700787598 0.9759818600248281
9.892390044856842 1.0255923975882841
9.892798094005844 0.9556465828552458
9.893120372462644 1.1084788764281739
9.893190618606848 1.0612208587950724
9.8944848784749 0.9780446499055259
9.896183575118126 1.0043781843391968
9.89695641231964 0.9470111583527338
9.897457614752707 0.9469150607913637
9.898096526820904 0.9281533982877056
9.898971958012854 0.9863425693104664
9.899569974102068 1.1114646305237539
9.901760317712423 0.8935073073493262
9.90233973046923 0.9589806012718011
9.902889386115888 1.0737520077067106
9.903058596166112 0.9463891276027796
9.903399804550208 0.9490052989395599
9.904085845915102 1.0686043425793177
9.90514165358414 1.1195552397030244
9.906100073471459 1.1097267099913315
9.90698062971508 1.0283903322542918
9.907244790125352 1.1054397059760313
9.90851979424094 1.0071199820413437
9.90891598506747 1.1027614082913424
9.909202386823896 1.122145714868445
9.90937008246695 0.9080490028184379
9.910311467941316 1.0464033013409748
9.910506552364792 0.9853116986897683
9.912379897566428 1.0654359773277855
9.91332557089276 1.0217078652853988
9.913902890223259 0.9946823629223535
9.91449757887339 0.9191794347771636
9.914889787642478 0.8965620151461375
9.915410908449713 1.1054017471487507
9.91673502346753 1.0676187808004356
9.91678594573523 0.9724564046270757
9.918245472183662 1.1233321607439535
9.919473112081334 0.9228278372338449
9.91976389895184 0.918106347122094
9.92060290623651 0.9806471871068208
9.921011234469042 1.1057213188074089
9.921298684397923 0.9109895436465335
9.923392092317881 0.9952373586596674
9.923406552283915 0.9107017142490657
9.92450890788149 1.0949715596127252
9.924593061156193 1.0553517882523715
9.92494730869756 1.1048654611372266
9.928730571395194 0.9188447623510274
9.931157892843492 1.0673694243643452
9.931598821879891 0.9538982244217005
9.932032541362897 1.109962065920321
9.932405357469019 1.110531325167906
9.933339047050668 1.053282344417507
9.935320166488607 0.8837637976871024
9.935433642233859 0.9538349616893167
9.935527244197617 0.9064905093735486
9.936219695775776 1.0216273791062516
9.93630418055734 0.9600525450368403
9.937518090267659 1.1105964627451543
9.937939023790957 1.0243945905788538
9.93853280412697 0.8762768293040724
9.940410007991218 0.9674103480287126
9.940964323758385 1.0499712873857723
9.941425254005974 1.0957126230004754
9.941948361704023 0.9015942951734839
9.942740737988547 0.9088496460205998
9.943261339866 0.9140370026888933
9.944784925416903 0.9739265169477276
9.94513189493799 0.9602712929299161
9.945882461176595 1.0819077699382056
9.9465776257033 0.938849858665214
9.946849138403275 1.0846140130818527
9.946968313634198 1.0763557482512647
9.947121137975444 0.9802672115613453
9.947674765772371 0.99703476195321
9.949058545578106 0.9051719902099251
9.94973275994011 1.077441953596865
9.95130761394305 0.929019977971274
9.952901618780729 0.8751766481968495
9.953215792457273 1.0432975480870015
9.95394303524766 1.0904349876030526
9.954337953436319 1.0526483249214371
9.955478757448297 0.9003077638634889
9.956081062114 0.9457728504342926
9.957748171127959 0.9461663840186064
9.962299270508684 0.9299753526285901
9.963385660562945 0.8937430027569816
9.964615695014228 0.8863687444758854
9.96590864928759 1.116538329668004
9.96800182485824 1.1167258933230724
9.968215895136046 0.943691028861975
9.968654133299278 1.120391659181012
9.971618515415651 1.029831022306801
9.971724960183 1.116825448478082
9.97308715537556 1.1218907220567795
9.973790523490283 1.1180370741970589
9.974153945145284 0.9953789586622517
9.97438386715664 0.9820430856070874
9.975524597759865 0.9857699368361849
9.975739610759238 1.074644312071235
9.976872660086345 0.9621656428674447
9.97879121994158 1.0832609081225644
9.979127588292492 1.0720932069537017
9.979256319274258 1.0524349413635203
9.984533256202479 1.0837891446553767
9.986148974436441 0.9345522285599028
9.987187713452139 0.9514684173368548
9.98786745200987 1.0581148786302819
9.988858906333755 1.0515498195292146
9.989407890177448 0.8805851130933267
9.99047508453848 1.002149814853536
9.990794373129138 0.8873745776911424
9.992158428859604 0.8832726617127861
9.992419364588345 0.8845847300200301
9.992580159952333 0.9007833308712205
9.993033530641604 0.9403445695959197
9.994352626450377 0.973175494546482
9.995195530678043 1.1025417235555877
9.995261292411543 0.9015970268219996
9.996179156070552 0.946675799058837
9.996371840457956 0.9481666089029365
9.998778245140127 0.9462172669955521
9.999061274924061 0.9504812382220003
9.999489530116156 1.0145282025813347
