RA DEC
7.581014585368665 8.438316429440523
7.582366517726918 8.459194431027521
7.58272608756755 8.433879457889715
7.585335839367654 8.410434004929243
7.5896897408666195 8.444560833978032
7.594608217729129 8.407786678569467
7.594696968672174 8.391454190653018
7.595708375894067 8.421895879971817
7.597175599577403 8.495937132892493
7.602693720251516 8.454895475977683
7.608290712216012 8.555935712086487
7.6113529684646615 8.435278287240946
7.613833351895404 8.385993990936237
7.615123857623563 8.570313526686348
7.6177258373268515 8.376297342990254
7.618953867419788 8.471607929367266
7.629158925081736 8.584794411101484
7.629902284578111 8.531721586430383
7.631386245883099 8.388104234616623
7.641726808250459 8.449914037679516
7.649118258489483 8.57038149301459
7.6580296436239506 8.516971103261968
7.658874643633905 8.613183026745526
7.661430122819606 8.399334638955231
7.662132267606673 8.447911894871527
7.662970531624212 8.513911696535647
7.664613149777134 8.468921742115086
7.664636572487073 8.473921635445707
7.6666513757542125 8.444080477996392
7.673700989951206 8.554958588210013
7.678264974481829 8.472988612104729
7.679319939482855 8.53377098471119
7.681443433731116 8.57919002635097
7.681631216958837 8.450512879708743
7.682347823026807 8.493447640442321
7.683736233254855 8.52279567088533
7.684313504265171 8.448867227229782
7.69065376124022 8.444997385336968
7.693468791708813 8.53448634640751
7.694900033239487 8.479884328250984
7.698553288966512 8.555711885356837
7.704208346572598 8.38945757931333
7.704763105137864 8.493824825112792
7.705535946828768 8.39929337936433
7.705678407427706 8.421991731376004
7.710661367400143 8.488029892230989
7.714426674086602 8.509297171710616
7.715908183547795 8.493693701279428
7.716006617552556 8.468291324724277
7.716396733574948 8.406047318117507
7.718467341318955 8.440722414048134
7.721728847046685 8.585083132333871
7.728073543882111 8.565595623763945
7.734606876834994 8.566234539820087
7.73785138700055 8.622837124727704
7.738927357334097 8.593604660756267
7.742504051566226 8.605738371087895
7.742512959310991 8.397384584989917
7.745128428381062 8.58668937036434
7.745635302926411 8.42783829076573
7.746802863616171 8.44462541619665
7.747827093984793 8.390192040608664
7.75261924356796 8.40140102418914
7.753183029100134 8.506275635751793
7.754511315598147 8.4639427448881
7.75478923350204 8.565400346037514
7.756869043617447 8.490206430538485
7.7602001888724415 8.49460035595453
7.763324933734566 8.54338327911986
7.767232285207457 8.5604120702659
7.7696826225508895 8.44809153346559
7.771173869800833 8.56711436012386
7.772823752227786 8.560108682135604
7.776243456874069 8.593035915004466
7.7823798673877365 8.407413245607817
7.790033820855774 8.387343588030314
7.792893488632716 8.478175057697493
7.7972480355197025 8.542661785290598
7.797997720785164 8.418408970135765
7.801965300088155 8.615126925378362
7.8027612020640245 8.553099725947812
7.805999079531462 8.502006270815553
7.806038924364941 8.45570960564971
7.807587864215674 8.542852087634094
7.807822965344253 8.39604400542638
7.808892081733918 8.437797425893917
7.809274370857469 8.550076278106962
7.8141128884 8.606716307040278
7.815817631579155 8.48034186385878
7.818661407643973 8.518512788118167
7.819768540558626 8.444747725850176
7.820655825128712 8.47362210916636
7.820676421979253 8.584165004480184
7.82484398396653 8.600011108702336
7.8254180788350505 8.453016362595621
7.825769226220579 8.414474676123456
7.829538418965557 8.45495493449206
7.833979943415111 8.501880778611786
7.834079327969264 8.498001829668963
7.837128409466415 8.434284168925293
7.839600191213646 8.543158574571097
7.840577196752651 8.429128732654453
7.845732183149567 8.460632437796058
7.846702170361529 8.427023923277996
7.848212868500293 8.561822396713241
7.84994901820738 8.459943384008934
7.850383303291969 8.553395598482911
7.85104881986685 8.448486162961208
7.851478414864284 8.531270412767723
7.85413261926357 8.421824099589754
7.8561015310855735 8.414681204458727
7.8568763468947305 8.573902598333774
7.860327001000761 8.431811062738024
7.8626864453255525 8.511669338616576
7.864199427613009 8.476930389882439
7.864660360828598 8.563637351741903
7.865535552962293 8.404434645664278
7.868293413710769 8.4050901555445
7.869207456957151 8.443743603103306
7.871726991913587 8.404545228043773
7.874230523798422 8.387538573217766
7.876341769594135 8.614033538354288
7.884044878348368 8.47919558525078
7.884495747205353 8.620905939877344
7.884690563481278 8.437177784356003
7.885832078633107 8.38540541060489
7.886178752506675 8.591522773754217
7.886726905375059 8.494668392321673
7.88718107865889 8.586439972322705
7.888631380615052 8.377398431702755
7.8897781509420035 8.604031368605572
7.889897840666413 8.418654667146772
7.8908371365265015 8.378503024184347
7.896293154021274 8.42644372903229
7.897936715390607 8.607741363061226
7.898543661431812 8.587135755250253
7.900661178875463 8.521180489751334
7.904703321990566 8.606051073322178
7.905161858191734 8.401792517062253
7.905217886732276 8.405829693553573
7.905999897442723 8.547833824466183
7.906828395858707 8.413373921713907
7.907799048984616 8.531154118029374
7.908036136804168 8.567041616450156
7.908839630655353 8.470457345383513
7.913184942074835 8.58452710574552
7.913825097012058 8.464753335502952
7.914745154138779 8.543707143586188
7.918397585434557 8.445436924686437
7.9190719409707375 8.411053001178093
7.919082661154729 8.525787774540989
7.919600115424102 8.493980000844163
7.920513823119062 8.458274269010332
7.923662951021927 8.379384201027577
7.925819982798314 8.623167033731077
7.926389718554933 8.461801941441419
7.928896930720599 8.416544799460741
7.930926052754155 8.590073039642599
7.931081229196478 8.590926182073263
7.935860206441392 8.494001277344786
7.9389455496105805 8.512023056072099
7.941074357285576 8.502143878014996
7.94311863278637 8.572927907799192
7.946195554656205 8.605453286732013
7.948499321901042 8.519470352475809
7.950477937970006 8.533897970068779
7.950491419683117 8.486494252638181
7.954553832231095 8.40487991090419
7.959372961687456 8.531217554160266
7.960531966014639 8.404476602277331
7.9674911126852175 8.554089342487694
7.97145923554461 8.470858985302707
7.971637004235489 8.554436793379326
7.974025990937519 8.487609338311314
7.974747126379761 8.578527416772122
7.979150464884622 8.578628258940164
7.981586920634236 8.509757191978998
7.983005027731374 8.592988174232882
7.9847894217674815 8.530859274079653
7.98515074324542 8.567967289978053
7.988832249072393 8.554913189655046
7.99434893327464 8.589178892089498
7.999064664739484 8.544957806931931
7.999520695633745 8.599648802986854
8.002335065611593 8.581611888456289
8.002343402840966 8.395665575544319
8.003067271572906 8.470610097592164
8.004054391370156 8.480435639826348
8.004502892695728 8.448349814769903
8.008334328033483 8.413950153971928
8.009832425716937 8.617827524840497
8.01022711840846 8.623566666487529
8.01033386420951 8.385772849030834
8.011082510967725 8.533927031740484
8.016138664521664 8.562305669484275
8.020418790034645 8.382766264878283
8.020452945337487 8.512186123456608
8.021435949730192 8.598639213040396
8.025009354188375 8.540595309679508
8.025085858007031 8.55660689872316
8.02876896354494 8.558261340679579
8.031243160934192 8.533747135133096
8.033489650800753 8.514668588548027
8.03739838934039 8.394080263923149
8.041194065685074 8.561085184288599
8.043528120799136 8.41837432185129
8.045787094390853 8.494499924998232
8.047069866595342 8.549473418916737
8.047120650500869 8.433690934087657
8.055563866320378 8.481853546668829
8.057759116722906 8.532303529896229
8.064303399754268 8.578840443062486
8.06431449203796 8.563038415106279
8.065338822655983 8.395127264874963
8.066537698338681 8.521884563282564
8.06770813856554 8.427628125978062
8.07126918602241 8.375495258961877
8.073307096193851 8.540044199156577
8.076884522512366 8.444757394088956
8.077863604482589 8.42746668339645
8.07831076016822 8.581442170401418
