RA DEC
7.575947416897054 8.429446907376487
7.578248020316199 8.455405024977596
7.581014585368665 8.438316429440523
7.582074613487595 8.385490754026533
7.582366517726918 8.459194431027521
7.582649913248813 8.4158771718253
7.58272608756755 8.433879457889715
7.585335839367654 8.410434004929243
7.5853603043724664 8.452389545621644
7.588245233783938 8.394691154403668
7.589627538555653 8.405513619269971
7.5896897408666195 8.444560833978032
7.590082458906551 8.449015947287341
7.59016015969087 8.375953134783902
7.591865974925467 8.41520039561695
7.593352014136923 8.411494225037183
7.593781124346853 8.398953625670455
7.594419301364022 8.434453468512165
7.594608217729129 8.407786678569467
7.594696968672174 8.391454190653018
7.595708375894067 8.421895879971817
7.596670205372375 8.487268220668005
7.597175599577403 8.495937132892493
7.597329130088502 8.404998555775926
7.59755463473077 8.406512284332434
7.5985162072470365 8.434264242770753
7.598795302971637 8.475188708091567
7.601189629276124 8.415168343870189
7.602468367523489 8.397806989811144
7.602693720251516 8.454895475977683
7.60296229345282 8.521221234645502
7.602980079282737 8.470691780953693
7.6045472196652275 8.386341058702914
7.605230286082282 8.482168859205384
7.605697120875347 8.42953151628919
7.607470966536903 8.434011902466612
7.608290712216012 8.555935712086487
7.608963180168594 8.403205713127694
7.609261299758984 8.412543794629839
7.609338821699342 8.487382191158975
7.610371965068912 8.483608329616748
7.611287047039138 8.394664081963281
7.6113529684646615 8.435278287240946
7.611703907543247 8.452694765463105
7.613833351895404 8.385993990936237
7.614963952115032 8.397936135733401
7.615123857623563 8.570313526686348
7.615818000190569 8.415095884342461
7.617363920239085 8.469911593488982
7.6177258373268515 8.376297342990254
7.618953867419788 8.471607929367266
7.620167377560249 8.568727329575385
7.620590847133252 8.37710326529136
7.620884868303358 8.489479645239612
7.621259984263245 8.396512040401527
7.622973585037174 8.551759249588345
7.6231356153363174 8.471173894092413
7.625304308766417 8.560124761814622
7.62537710843772 8.574349961378314
7.626032452357815 8.396104980467177
7.626970828378273 8.405974332075708
7.6276533857927715 8.471623988276352
7.629158925081736 8.584794411101484
7.629173277314575 8.394987483620099
7.629902284578111 8.531721586430383
7.630402592694081 8.581458297520543
7.631386245883099 8.388104234616623
7.631913408272302 8.458163362638723
7.634109693456375 8.444442403434744
7.635116827225348 8.596103202703388
7.635360344409524 8.604173214382325
7.6360419656161485 8.49720332493528
7.636270049678526 8.572532879667712
7.63809911831656 8.573651191313537
7.638695336757496 8.488119743842942
7.6409519806566335 8.39933698164479
7.641726808250459 8.449914037679516
7.642861349089276 8.52477566082853
7.642973741552796 8.39892981331776
7.647874512682525 8.397039494303057
7.649118258489483 8.57038149301459
7.6501435326535985 8.39722736427876
7.650631052747992 8.592460548392946
7.650751702372977 8.431808049597466
7.651966480402078 8.612155116568038
7.652633179409207 8.606333839916905
7.654171512224391 8.504930096038878
7.655651324777605 8.591198112975393
7.655814383074365 8.624388483526026
7.657749741974776 8.588552609069096
7.65802285631422 8.575222181180932
7.6580296436239506 8.516971103261968
7.658874643633905 8.613183026745526
7.661430122819606 8.399334638955231
7.661840614028286 8.478665283226492
7.661846198707038 8.420471611582082
7.662008743468014 8.585492619305887
7.662104472590849 8.5728276438682
7.662132267606673 8.447911894871527
7.66219752828571 8.587751767778972
7.662970531624212 8.513911696535647
7.663278213908357 8.545156611985796
7.663711946237854 8.488590591332844
7.664613149777134 8.468921742115086
7.664636572487073 8.473921635445707
7.6666513757542125 8.444080477996392
7.668172225080106 8.401513817671995
7.668307433164142 8.466380565150077
7.669158483704004 8.534439567299104
7.669310029225112 8.509847579902445
7.669420736374828 8.463124200095177
7.67283202565527 8.569595506914643
7.673134177829914 8.479256709504751
7.673171070910118 8.448446672583323
7.673700989951206 8.554958588210013
7.675117592132394 8.423392059209553
7.676018214004051 8.602909703029479
7.676749467264476 8.407797293219677
7.676961375379981 8.501337121065502
7.678264974481829 8.472988612104729
7.679319939482855 8.53377098471119
7.680066589308457 8.593543200365888
7.680159410282104 8.451700614793642
7.680683289466946 8.502592672687491
7.680889920715001 8.522866783794086
7.680920026728999 8.56789980228405
7.681195948467455 8.494666227835348
7.681443433731116 8.57919002635097
7.681631216958837 8.450512879708743
7.681792521589221 8.384987977270379
7.682347823026807 8.493447640442321
7.682768837057208 8.515609453308628
7.683079596432388 8.541967396297762
7.683736233254855 8.52279567088533
7.683779320768145 8.420004382866598
7.684313504265171 8.448867227229782
7.684374179551933 8.504434865288898
7.685254097917554 8.407554823883792
7.686086269772105 8.566039315628402
7.687442451537492 8.450096925278324
7.687719108779548 8.613161554760124
7.687780460015905 8.48782459424372
7.689189265467473 8.391755963537806
7.69065376124022 8.444997385336968
7.69108101800736 8.432693667074592
7.691545295333935 8.461591207762643
7.6918404555898325 8.548878362570878
7.69260101426386 8.481918304639802
7.693296268966316 8.461813977023214
7.69342518587676 8.527115546445206
7.693468791708813 8.53448634640751
7.693800687796383 8.386475263584618
7.694351323543302 8.550100135036082
7.694474668766321 8.46250255131483
7.694558639417048 8.574382798773172
7.694816739788751 8.619608344228713
7.694900033239487 8.479884328250984
7.698061425901533 8.46003588234078
7.698553288966512 8.555711885356837
7.700207164264852 8.451429610816447
7.700565383231474 8.38885681330255
7.700619517521425 8.521283937725313
7.701582020256842 8.569178288882602
7.702226273869591 8.528290295267563
7.702677832069687 8.417440908394632
7.704208346572598 8.38945757931333
7.704705151909074 8.502465767047276
7.704763105137864 8.493824825112792
7.7051371788350735 8.411656241927053
7.705535946828768 8.39929337936433
7.705678407427706 8.421991731376004
7.707117556104032 8.563488330498181
7.707202007621597 8.553789991409676
7.7086350605828295 8.533257697243384
7.709765307611617 8.532223483166344
7.710661367400143 8.488029892230989
7.711622097217337 8.443252214136399
7.712376138834648 8.536921644958603
7.713075593292063 8.510113760712978
7.713802256147487 8.541601654252869
7.714426674086602 8.509297171710616
7.715908183547795 8.493693701279428
7.716006617552556 8.468291324724277
7.716396733574948 8.406047318117507
7.7164328618905325 8.539682460013793
7.718318442668777 8.486225659477244
7.718467341318955 8.440722414048134
7.720155040627289 8.510066657870993
7.720886658079681 8.531100827193285
7.721728847046685 8.585083132333871
7.722735692527555 8.563449976700712
7.7252587917516395 8.603460303958197
7.725419215349588 8.423863645173805
7.725951958674662 8.550713427740906
7.7278351082011 8.614631120837482
7.728073543882111 8.565595623763945
7.728215065572498 8.556884337043213
7.7295452027320835 8.468069113466747
7.730160541568117 8.404114110613515
7.730581212027486 8.484674606972476
7.73110950587282 8.602449347285322
7.73133090599877 8.476137992762629
7.732125791488585 8.608561091727319
7.732156469511499 8.525474241511908
7.732450984744729 8.611110752147406
7.7330110410204815 8.59975175281602
7.73349174585548 8.406229751740005
7.734423152523851 8.522607950245751
7.734606876834994 8.566234539820087
7.734874480166789 8.598372250894721
7.735125498985093 8.524796295873632
7.73785138700055 8.622837124727704
7.738927357334097 8.593604660756267
7.740675919133098 8.47443473900607
7.740756868717338 8.562008301816274
7.741107842646469 8.522701799718002
7.741135658556245 8.422613431429989
7.7413002287871935 8.483156859289851
7.741675121621814 8.481039530645473
7.742504051566226 8.605738371087895
7.742512959310991 8.397384584989917
7.743163317229012 8.414262205548983
7.744070034275168 8.54553610544694
7.745128428381062 8.58668937036434
7.745635302926411 8.42783829076573
7.7458018056502995 8.407988754533186
7.746380965339359 8.386802508657658
7.746634466490092 8.61147629254043
7.746802863616171 8.44462541619665
7.746982315570284 8.384676130013245
7.747827093984793 8.390192040608664
7.751025117938593 8.43903020848554
7.7515536202266935 8.570594554681596
7.75261924356796 8.40140102418914
7.752939723956189 8.449514986799347
7.753183029100134 8.506275635751793
7.753621731493612 8.5772643480728
7.754511315598147 8.4639427448881
7.75478923350204 8.565400346037514
7.754835520682419 8.587571015730765
7.755597079348212 8.563209106128568
7.756869043617447 8.490206430538485
7.760066758302683 8.51460249955483
7.7602001888724415 8.49460035595453
7.7602921205118784 8.49865330696301
7.7608664954005135 8.597582922298972
7.761268365059261 8.566172141927558
7.762177919688488 8.592775515105062
7.762235883969797 8.548624916115553
7.763137952944124 8.607607617283088
7.763324933734566 8.54338327911986
7.764373552125667 8.478110484682523
7.767232285207457 8.5604120702659
7.768346564868171 8.509894655367287
7.768446132343508 8.56156686234959
7.768650505111181 8.456568004187119
7.769055958111724 8.556725014555942
7.7696826225508895 8.44809153346559
7.770023481796908 8.433903833981521
7.770683540219639 8.520742916306556
7.770921498218599 8.437124823893416
7.771173869800833 8.56711436012386
7.771594314750506 8.621397361980568
7.772263176718702 8.439561532007339
7.7727704330216785 8.39106415682362
7.772823752227786 8.560108682135604
7.773411201260199 8.612643406498854
7.773739801423798 8.41660876863906
7.775663348520077 8.400592295177438
7.776215188837132 8.509829381112146
7.776243456874069 8.593035915004466
7.777273358556726 8.579124214538487
7.777539252986085 8.437786438746045
7.777769288077398 8.430599263820488
7.778535659960008 8.439600227030866
7.778592970529212 8.490432693998994
7.778858712885703 8.538995660692104
7.779341733981887 8.418495632993167
7.7798843971053255 8.572222648126855
7.780253057049659 8.530221655138186
7.780623781219042 8.47550904227525
7.780677331342707 8.543214850136946
7.782017001683952 8.400125638260626
7.7823798673877365 8.407413245607817
7.782502688932061 8.446561607820819
7.782837266162061 8.417917477483389
7.783439914160124 8.591267376929437
7.784197288144895 8.508850491902221
7.785430451442088 8.430467001423999
7.785449451059627 8.543708488845036
7.786246788528493 8.52366674364359
7.786360451124187 8.60504696838919
7.787050023268432 8.542874074592312
7.787210424639167 8.448927639875441
7.788272874388697 8.422975600138258
7.788434498479887 8.581629033395084
7.78977442055869 8.591689602467172
7.790033820855774 8.387343588030314
7.790927592593223 8.590585331531823
7.792183068159955 8.545178592797892
7.792893488632716 8.478175057697493
7.792912662281934 8.61693902416234
7.793084207054232 8.568986657394401
7.793111904455528 8.572785764045522
7.79363329364229 8.49436214803229
7.794626885493542 8.475181593536274
7.795687174511151 8.389662696726836
7.7968144583918155 8.489247336748528
7.796947149386975 8.464558049958363
7.7972480355197025 8.542661785290598
7.797661695588876 8.539843993988923
7.797997720785164 8.418408970135765
7.798174893615334 8.43572946559555
7.79844311165799 8.568590460131027
7.799278270409874 8.510532313625536
7.799759464202869 8.585525889428176
7.801815981376474 8.589829915184371
7.801965300088155 8.615126925378362
7.8027612020640245 8.553099725947812
7.803785580251199 8.462046063328499
7.803886632132606 8.574378329919035
7.804199474815443 8.485529109188832
7.805199994664081 8.501006901200215
7.805341218260367 8.396689183260849
7.805910748127343 8.478091401820473
7.8059214702825965 8.387802597418279
7.805999079531462 8.502006270815553
7.806038924364941 8.45570960564971
7.8062260050834205 8.552610895420734
7.8063164609798035 8.383785859063735
7.807587864215674 8.542852087634094
7.807822965344253 8.39604400542638
7.8087689768735755 8.404733305560903
7.808892081733918 8.437797425893917
7.809274370857469 8.550076278106962
7.809676398487922 8.441994351077216
7.810843534833827 8.4291241601459
7.810955758890396 8.380381302169267
7.811189442387578 8.416081919764242
7.8141128884 8.606716307040278
7.8141580003800035 8.409712218475459
7.814378669584821 8.52793308463386
7.814459836565236 8.4656128548334
7.814794717545279 8.450558862068895
7.815817631579155 8.48034186385878
7.816100868385946 8.58673555426208
7.816252582518193 8.52670590938483
7.816500819876194 8.536773994484719
7.817546659610529 8.602584110686427
7.817632845493016 8.509053231684238
7.818247924132288 8.431545278752031
7.818661407643973 8.518512788118167
7.8192232579108 8.467702955714767
7.819280899487542 8.560049932613955
7.819636623372568 8.481559519936232
7.819768540558626 8.444747725850176
7.8198929028972035 8.554091485065607
7.820431149163122 8.449313572223904
7.8204890974124925 8.586039055530215
7.820655825128712 8.47362210916636
7.820676421979253 8.584165004480184
7.820717678433267 8.5819114149591
7.822281265735611 8.56618243864141
7.8227713579456655 8.480807763197863
7.823477866288445 8.425678167493992
7.82484398396653 8.600011108702336
7.8254180788350505 8.453016362595621
7.825769226220579 8.414474676123456
7.826317720002722 8.544931943201775
7.826398666752919 8.410655133025088
7.8272783264431425 8.388674489982042
7.828226979545465 8.504243900797286
7.8290318756935875 8.422080879906405
7.829538418965557 8.45495493449206
7.831408289243153 8.50597560681231
7.831978641181136 8.467021963904752
7.833497615444277 8.555651254193338
7.833732155463099 8.5851853904213
7.833882880274527 8.465521078365418
7.833979943415111 8.501880778611786
7.834079327969264 8.498001829668963
7.835191224733999 8.556545306326415
7.835214340679271 8.574643683727253
7.835377680358039 8.51995153617595
7.835953965104523 8.381196674881528
7.836201873786994 8.5642750362421
7.836229392278617 8.596377028477265
7.836441515389226 8.54770333636745
7.836987135107835 8.59170390455386
7.837128409466415 8.434284168925293
7.837213521804867 8.404265776523985
7.8376148800632155 8.444594830490615
7.83785045375592 8.425853310769678
7.838771262403152 8.496352853432018
7.839029516742366 8.515167102593791
7.83925580076399 8.484105417447246
7.839480050379171 8.4736936410046
7.839600191213646 8.543158574571097
7.840051345130935 8.543618739128688
7.840577196752651 8.429128732654453
7.84061188425611 8.431165736142214
7.8408265222374345 8.409174089203852
7.840875996510971 8.498581642901295
7.8411156205683445 8.596823938017033
7.84115608829031 8.52283541493835
7.842287200033255 8.471930183590713
7.84285552849098 8.49635424016766
7.843197209828944 8.566841306097794
7.843911858755013 8.43274225554803
7.844894094377698 8.572871680770087
7.845732183149567 8.460632437796058
7.845749448330358 8.400747420070527
7.8462699889374035 8.394860363497013
7.846512321829624 8.547179796867955
7.846702170361529 8.427023923277996
7.847109056548634 8.520872149293353
7.848212868500293 8.561822396713241
7.848884759831265 8.429298191521925
7.849347675421347 8.418603782349516
7.84994901820738 8.459943384008934
7.850383303291969 8.553395598482911
7.850766457270879 8.395444542483634
7.850846956286375 8.425490792997008
7.85104881986685 8.448486162961208
7.851478414864284 8.531270412767723
7.851691168795853 8.408188742182213
7.853556634148441 8.460810765846393
7.85413261926357 8.421824099589754
7.8542816672745035 8.613787212810648
7.8561015310855735 8.414681204458727
7.856173269992945 8.509801620337152
7.856744714050316 8.46428832870589
7.8568763468947305 8.573902598333774
7.857263176235098 8.477016115770507
7.857936515523839 8.571128153686233
7.858600598443714 8.523515143997608
7.859016242115501 8.566441475855514
7.860327001000761 8.431811062738024
7.8626864453255525 8.511669338616576
7.8637902162660644 8.567877329527644
7.864199427613009 8.476930389882439
7.864660360828598 8.563637351741903
7.8648604204318815 8.584181924542818
7.865250804080129 8.443300483261995
7.865535552962293 8.404434645664278
7.8658196814145205 8.560722439214059
7.866416729946868 8.501308557505261
7.866646594817164 8.477733109655212
7.866934040566624 8.403901122670302
7.867763139957999 8.551227526890312
7.868293413710769 8.4050901555445
7.86833727198993 8.586258406384482
7.868491275071986 8.42659588296945
7.869153539830378 8.406451993964037
7.869207456957151 8.443743603103306
7.869481436971395 8.443011310368902
7.86977709559151 8.438709935996696
7.870088895391978 8.484743899105547
7.870234354061307 8.442965372100893
7.870501910003653 8.37516700253544
7.871133662029632 8.605822091480983
7.871726991913587 8.404545228043773
7.87187421759253 8.469329384088747
7.872143127476048 8.428948841057606
7.872904635857933 8.567446995412
7.873866044382315 8.376185983398845
7.874058363197353 8.532763700843564
7.874230523798422 8.387538573217766
7.87472056089138 8.616619917561163
7.875850937003143 8.57526872271458
7.876015037838847 8.376227875692761
7.876141922205817 8.445841742930664
7.876341769594135 8.614033538354288
7.876409565722502 8.434395750181327
7.876484979901882 8.443184439556298
7.876600298525162 8.621973186059297
7.877014789477638 8.492004681761557
7.877607600064718 8.532736580915863
7.877852227848773 8.458395793503291
7.879833464926765 8.479220761285664
7.880258775066977 8.58060557908033
7.881307544986712 8.412077931926097
7.881578070419736 8.522215799414221
7.8831023807103175 8.592825205063901
7.883224449637967 8.435726231123699
7.883225374076598 8.448149097325548
7.883429840302326 8.395355635951285
7.883484314873403 8.472036567614586
7.883962336066719 8.476824569229317
7.884044878348368 8.47919558525078
7.884161931737991 8.48347387504169
7.884495747205353 8.620905939877344
7.884690563481278 8.437177784356003
7.884941070562872 8.585046897022645
7.8857896082254975 8.581924284346522
7.885832078633107 8.38540541060489
7.886178752506675 8.591522773754217
7.886182382607265 8.433099575159497
7.886726905375059 8.494668392321673
7.886817076720978 8.532342093484612
7.88718107865889 8.586439972322705
7.887730109048538 8.529154191921451
7.887893114586044 8.602317350774731
7.888631380615052 8.377398431702755
7.888801568136226 8.493835369892622
7.889256739205342 8.478307187089074
7.889572185363151 8.584561816200432
7.8897781509420035 8.604031368605572
7.889897840666413 8.418654667146772
7.889952965328628 8.49708329711669
7.890661871588644 8.376822940812959
7.8908371365265015 8.378503024184347
7.891176226091559 8.384279455497728
7.891783440841912 8.392571954383905
7.8922095466186635 8.53812176601414
7.892832499360012 8.476007924355258
7.893302747857157 8.522013476195127
7.894211559160468 8.563979666895506
7.894266389588853 8.434012667436829
7.894458711081343 8.585106383739934
7.895496637895173 8.421379283511632
7.896293154021274 8.42644372903229
7.8976910759406795 8.396142095754064
7.897936715390607 8.607741363061226
7.898543661431812 8.587135755250253
7.8995281536256785 8.594948544503763
7.900527373460722 8.384713944944837
7.900661178875463 8.521180489751334
7.902369730900201 8.610378023681793
7.902401869209168 8.47041862040519
7.9034293217342215 8.522541462758637
7.903741615602039 8.602747223636186
7.904703321990566 8.606051073322178
7.905017360136842 8.417186527198094
7.905161858191734 8.401792517062253
7.905217886732276 8.405829693553573
7.905999897442723 8.547833824466183
7.9064205656102216 8.567250427766677
7.906703021288351 8.498794435863184
7.906828395858707 8.413373921713907
7.907799048984616 8.531154118029374
7.908008387883258 8.566474927039021
7.908036136804168 8.567041616450156
7.908839630655353 8.470457345383513
7.909309307475598 8.592922424373903
7.910137790688975 8.434044688660732
7.910823811105781 8.382871786735151
7.910980508906069 8.449471010604041
7.911574307206253 8.623721412016081
7.91228507034302 8.56759431614051
7.91251640672127 8.599902477029229
7.913184942074835 8.58452710574552
7.913825097012058 8.464753335502952
7.914745154138779 8.543707143586188
7.9152365521538 8.4306866824407
7.916690310538881 8.419628802211575
7.916691167984674 8.57193222064327
7.918397585434557 8.445436924686437
7.9190719409707375 8.411053001178093
7.919082661154729 8.525787774540989
7.919600115424102 8.493980000844163
7.919873397200683 8.380488550818493
7.920141136332419 8.551929509971952
7.920513823119062 8.458274269010332
7.92160250791325 8.485790190800948
7.923608556325802 8.423742376341346
7.923662951021927 8.379384201027577
7.924430746460792 8.537092325454081
7.924808661023186 8.393716175531722
7.925422966256221 8.409808123033175
7.925537883976784 8.383586801547182
7.925819982798314 8.623167033731077
7.926389718554933 8.461801941441419
7.926672648467 8.421016656845772
7.927328370042717 8.421730998176324
7.927880406199686 8.393497672551156
7.927897278004449 8.493127948913482
7.928896930720599 8.416544799460741
7.929422925763912 8.491290195766098
7.929840699682535 8.566212058694775
7.930598689922136 8.381395912384953
7.930926052754155 8.590073039642599
7.9309395783419845 8.528475682247416
7.931081229196478 8.590926182073263
7.93217639797283 8.489530465604032
7.932338699881841 8.590681950757629
7.93291566679752 8.440801668990593
7.933606673569646 8.51282359772952
7.934851656681601 8.4096220363997
7.935088422512513 8.565826663235162
7.935163365452211 8.388281537998713
7.935215287138017 8.471447601862646
7.935588305922079 8.592562155616827
7.935860206441392 8.494001277344786
7.936726513803798 8.464369151965908
7.937033434439411 8.507789545525725
7.9377960595944375 8.51279594016912
7.9382822376255415 8.555919676709483
7.9389455496105805 8.512023056072099
7.939158940701834 8.409124785442684
7.9392527569264315 8.52810429930506
7.939351319539641 8.40082086417269
7.939630920709707 8.523985427619902
7.941074357285576 8.502143878014996
7.9418531493919 8.434301789531526
7.942024780792178 8.425408886272049
7.942679448646251 8.533884663729237
7.94311863278637 8.572927907799192
7.945712461390468 8.418139274648633
7.946144769007531 8.519545744798721
7.946149944683748 8.509824140533645
7.946195554656205 8.605453286732013
7.946778239018229 8.380367426394503
7.947572956984306 8.617477108616582
7.9479354283994175 8.434229663714795
7.947954846601317 8.384638766362132
7.948499321901042 8.519470352475809
7.950177716142672 8.462066724645021
7.950477937970006 8.533897970068779
7.950491419683117 8.486494252638181
7.950779053230871 8.434181803860003
7.951042400656953 8.415929756687994
7.952107574767404 8.409965667991699
7.952647017296694 8.410751268534476
7.9530497778785385 8.60091637809217
7.954050891923911 8.48830692484278
7.954553832231095 8.40487991090419
7.954697611638978 8.571625923051494
7.954846365798009 8.50043844119554
7.955592024888171 8.514200598843182
7.955860541224307 8.446864595540594
7.955910479916691 8.403754255685099
7.9560396605723644 8.490959532056566
7.956873551246735 8.548622329248348
7.957235957288107 8.606065477058412
7.957605972958767 8.589542379269425
7.957657854925226 8.605636486942744
7.957812571238803 8.578236620278494
7.958399683906753 8.52647232951038
7.958506498853046 8.547109403190868
7.959032929376536 8.378204299199284
7.959323330265276 8.510319494897155
7.959372961687456 8.531217554160266
7.9597526060087676 8.592016309370054
7.960531966014639 8.404476602277331
7.962385866236293 8.424961922352656
7.962611222260098 8.58800751352696
7.9635247393174 8.397282405638421
7.964780434078899 8.435063309704026
7.965062101637178 8.583820361588092
7.966052690090019 8.55354936460167
7.966420195678461 8.493680096420189
7.966481578750432 8.488739881865692
7.9673450903763845 8.60472506431187
7.967483608597025 8.575506293942336
7.9674911126852175 8.554089342487694
7.967832899162745 8.426545117496225
7.969109826055294 8.424089640357959
7.970409093407839 8.450169842362595
7.971305156499452 8.556587165937346
7.97145923554461 8.470858985302707
7.971626778581286 8.594789179016406
7.971637004235489 8.554436793379326
7.971672771121282 8.393088980041188
7.973846036985619 8.522256368227149
7.974025990937519 8.487609338311314
7.974747126379761 8.578527416772122
7.9748011527078 8.411351708996397
7.975607766989765 8.48658528356711
7.975884394406787 8.375998966344044
7.976385088891499 8.392611576138558
7.976467974690736 8.553637207875505
7.978675156520045 8.586454090235385
7.9790759470538255 8.509255337686746
7.979150464884622 8.578628258940164
7.979298920481987 8.530519862056149
7.979849629839076 8.464009222354974
7.980633018063083 8.407129728481422
7.980687152174481 8.5129488996666
7.980923926700659 8.50962412311138
7.981107387572598 8.499931990169104
7.981586920634236 8.509757191978998
7.981691719585376 8.508555907934205
7.982504184551403 8.593727172718229
7.982513971216253 8.474297328763674
7.983005027731374 8.592988174232882
7.983587907470494 8.519207541621151
7.983769576129095 8.575528537399576
7.984001776051866 8.446639347526348
7.984274744171095 8.475457174246044
7.984559935179934 8.386540821828685
7.9847894217674815 8.530859274079653
7.98515074324542 8.567967289978053
7.98606886095833 8.461247055061184
7.98624810380701 8.418881297915428
7.986391246905 8.48915029799044
7.988832249072393 8.554913189655046
7.988896018170086 8.43164813535893
7.989915191684936 8.512555523670583
7.989920502562501 8.536932261638617
7.9910438556893135 8.580092771537444
7.991361095909681 8.449755480316895
7.992678809025879 8.493410798265819
7.99434893327464 8.589178892089498
7.9960214523501145 8.400422889299845
7.996277908975249 8.435203203467635
7.997009462837557 8.594180338579145
7.997720859354471 8.576797785042121
7.998579724317662 8.50870003297908
7.999064664739484 8.544957806931931
7.999520695633745 8.599648802986854
8.002211436985453 8.62030588409465
8.002335065611593 8.581611888456289
8.002343402840966 8.395665575544319
8.002484265762329 8.61729619632644
8.003067271572906 8.470610097592164
8.004054391370156 8.480435639826348
8.004342552054016 8.459010544709418
8.004502892695728 8.448349814769903
8.004557501117652 8.476226661953124
8.004560065034314 8.488030260760215
8.005407576964338 8.571469679014792
8.005414063642085 8.526373258478563
8.006191606763416 8.511774225368525
8.007379200399797 8.597151143706427
8.008334328033483 8.413950153971928
8.00943099364081 8.545454475983334
8.009832425716937 8.617827524840497
8.009937462580139 8.62190427336485
8.01002056686607 8.607044575944899
8.01022711840846 8.623566666487529
8.01033386420951 8.385772849030834
8.010358298306722 8.609254971366191
8.010442721279668 8.402726714376364
8.011082510967725 8.533927031740484
8.012771840206256 8.472341786427986
8.013317853539107 8.448310010257737
8.013666089747778 8.477646088017096
8.01422620056546 8.542092984309042
8.015354800512483 8.517346998018215
8.016116650933629 8.572866680374808
8.016138664521664 8.562305669484275
8.016775736113976 8.53723531971512
8.016899162630253 8.622532529512258
8.019086364592928 8.554486442105288
8.02002222733329 8.405788917201317
8.020304965981966 8.525112269823278
8.020418790034645 8.382766264878283
8.020452945337487 8.512186123456608
8.020610464938548 8.537088058079675
8.021435949730192 8.598639213040396
8.021684405387205 8.398531453692119
8.022085580158294 8.538170006053667
8.023101317493538 8.499605885900632
8.02321522245801 8.567561613273572
8.023963021380542 8.423668061882639
8.02468118313035 8.493843020186455
8.02491466103023 8.456968081116718
8.025009354188375 8.540595309679508
8.025085858007031 8.55660689872316
8.025136562641476 8.541285635843902
8.025202069685136 8.599279383576867
8.026553956711687 8.536430585634507
8.028100136972776 8.470933966233952
8.028289455833578 8.48938096368892
8.028368668419294 8.406276730854987
8.02876896354494 8.558261340679579
8.029278621005513 8.440988499733374
8.029541825157379 8.511592506744813
8.031243160934192 8.533747135133096
8.031579202426778 8.492296285354062
8.032009560514972 8.510279330277108
8.03212760050357 8.46664183192423
8.03314951415422 8.530592097988603
8.033489650800753 8.514668588548027
8.034751375024632 8.57131138138213
8.035611383009803 8.510423468586545
8.03581660455326 8.541894047492981
8.037224764400339 8.620529705598642
8.03739838934039 8.394080263923149
8.038914760879925 8.536494075534963
8.040725442495715 8.543438507562815
8.041194065685074 8.561085184288599
8.041245050225616 8.61380411736167
8.042609115224472 8.455495642398361
8.043528120799136 8.41837432185129
8.04397296842117 8.612692266048665
8.04415015700357 8.55747265241802
8.044445048027601 8.593342841897623
8.044603861438832 8.504159897798209
8.045310655734609 8.51673039252882
8.045787094390853 8.494499924998232
8.045954804994171 8.508331184001532
8.047069866595342 8.549473418916737
8.047120650500869 8.433690934087657
8.047390249834583 8.569778197569484
8.048234318593309 8.448771467501558
8.049231309699122 8.539331518037377
8.049565270576279 8.376750422330066
8.051290120127048 8.61555734219173
8.052527845276607 8.618453446336082
8.052643981824543 8.590865297475125
8.053635138891645 8.558402180340963
8.05428574770239 8.564806265704908
8.054451263316096 8.474588527275252
8.054710146277303 8.619384237489985
8.054967052215046 8.474772146647652
8.05544058364492 8.534051838876243
8.055563866320378 8.481853546668829
8.05583618241318 8.58528258615272
8.056692561319986 8.450283546357284
8.057759116722906 8.532303529896229
8.05848926792765 8.421056480213092
8.05940543191797 8.609516347698166
8.060382771956144 8.438292663453272
8.061756195820294 8.490941609487361
8.062452546666298 8.541471924079188
8.063845244734422 8.488653102429947
8.064053166781635 8.575697645045251
8.064303399754268 8.578840443062486
8.06431449203796 8.563038415106279
8.064860288619172 8.416356360028411
8.065338822655983 8.395127264874963
8.065879402967504 8.410005386308113
8.0662687922318 8.404941874048843
8.066537698338681 8.521884563282564
8.067549572685618 8.41342681264513
8.06770813856554 8.427628125978062
8.068911832233278 8.518161913568976
8.07018943131137 8.561638315380304
8.070378594032741 8.525646149967434
8.071199314075091 8.561713863309427
8.07126918602241 8.375495258961877
8.07257324362156 8.479021924244794
8.073307096193851 8.540044199156577
8.073382957128162 8.541597235370181
8.07366852938394 8.580442127578243
8.074012775853902 8.399884705949574
8.07590818835282 8.575465289336462
8.076884522512366 8.444757394088956
8.077417486998629 8.375487548521189
8.077863604482589 8.42746668339645
8.078008793574984 8.54748538051201
8.07831076016822 8.581442170401418
