RA DEC
0.25823962981810283 13.02841577769531
0.27505723157154804 13.03928687914488
0.2929318770425904 13.035535426917827
0.2976996805505001 13.09123113071423
0.3004494381667666 13.022335008466246
0.3048834420830064 13.072560950510967
0.3092634711564592 13.114135744262217
0.31330035749489127 13.104508179922746
0.31887995168033145 13.072021318737214
0.3270579901651087 13.120366408259674
0.33954538664699707 13.040384426460475
0.34000879687817565 13.101367106388123
0.34310269195794546 13.041270670236742
0.35266311012864315 13.116316712243618
0.3535816766486218 13.070158101518654
0.35429164723053186 13.04835713094268
0.3602397116171773 13.121484260909874
0.3619138891652287 13.078791948648524
0.3645131116783188 13.099917106941582
0.368574396768195 13.101579715224599
0.3742184156798213 13.071175039690473
0.38090813501276943 13.094397192967309
0.38204929241862695 13.09831591718182
0.3875699912551928 13.102423981888741
0.39962311846471427 13.035418135920612
0.40670174836924633 13.08495132687908
0.4098515939878249 13.029091257188986
0.41201875139659316 13.079131581198396
0.42718756240712447 13.099756652693443
0.4495100095083983 13.02985762748982
0.4574213868663884 13.098292390319795
0.4639955278314373 13.107981608883676
0.4650157349426788 13.058117657860537
0.4716366815214672 13.076131240323457
0.48879876069804146 13.072150798835375
0.4902057214423822 13.118123627300612
0.4913723588055083 13.077842410904198
0.5100136798384944 13.117160144492068
