RA DEC
351.91574522620095 8.698408650201856
351.91621358824733 8.674627164215394
351.9201606624574 8.715031279808205
351.9212588369846 8.747471033448768
351.9212750266746 8.866221667619296
351.9215484559161 8.674458509496695
351.9238537829831 8.870826073280327
351.9241379231301 8.776742632093146
351.9253546747365 8.682585393647411
351.9264254420766 8.871604305836104
351.92925645281605 8.734936179340018
351.9299950262983 8.756986009764054
351.9326916450411 8.750691673362473
351.93348560397413 8.863786186325926
351.93502273223527 8.672914928246286
351.9355835561882 8.807378155337586
351.9365425004331 8.76059186660262
351.9374099001883 8.773018014179765
351.9386842013614 8.749901205916501
351.9414791556346 8.874292473516666
351.94162541029925 8.71047201908549
351.9468002678376 8.782723182845622
351.9477244494093 8.696304942393128
351.94781556046297 8.658076501175163
351.955921845604 8.747287650834979
351.9563535662896 8.68477673147255
351.95793201047974 8.690866833978767
351.95934559080723 8.75801255703638
351.9605182589524 8.844284937319232
351.9641402466786 8.768521945889251
351.9662933532824 8.686635969762657
351.96812804679575 8.814323527013284
351.9693274536225 8.818852056995466
351.9694552247326 8.874069232921647
351.96956303703894 8.860111443323895
351.97481751096484 8.831029056058721
351.97576634358967 8.79494712808528
351.97759333559554 8.645396212111914
351.98313775261755 8.653877601249055
351.9853556511127 8.836026965490454
351.9893680548489 8.688470766373692
351.9957431267075 8.850138941233164
351.9985061539957 8.835598455193573
352.0030131533165 8.745290796739535
352.0042641593029 8.685870820912736
352.00558920785744 8.85907088043963
352.008564353755 8.738642896008109
352.00992786331875 8.719590581038398
352.01255762844204 8.705144163647827
352.01876215927206 8.779695467261732
352.0188883772984 8.769399280882268
352.0188903146021 8.83775550189684
352.0251114137605 8.761559250904435
352.0253231334313 8.788618963997095
352.02567859973175 8.872301974649414
352.02579760730373 8.742584738364958
352.02810909381043 8.793480919619899
352.02986508669517 8.866987105033905
352.03689404408686 8.789444041013224
352.0407212041516 8.78663728223941
352.0419313880689 8.715048991849574
352.0424150991187 8.785605187861414
352.0458637873278 8.750437098245692
352.04822825919643 8.680231723697611
352.051565315444 8.68765113373173
352.05404514722375 8.749628597697434
352.05902169421836 8.776586305538242
352.0600034657457 8.706625318804575
352.0605937251178 8.718055319405966
352.06096838159925 8.800704389376085
352.0660543515047 8.748860691821053
352.0663077777494 8.770156087994582
352.06984027479854 8.712371766291271
352.0775162730896 8.751658206471843
352.07893387214136 8.682490037103626
352.0791532015547 8.840095558957632
352.0817376071868 8.790816997560006
352.0823046460766 8.820995300609736
352.08483686234655 8.74710071207538
352.0908626914221 8.852059052098811
352.0910295400822 8.757977452772975
352.09712983705447 8.710350336977164
352.0977456871634 8.833546855043696
352.0979495975778 8.821492467775371
352.10140117238376 8.836732268662438
352.1085228531081 8.691076651337308
352.10989819295276 8.708829273730423
352.11339985554457 8.773545700518591
352.1184278808465 8.82230256584586
352.1222042484639 8.78584328452766
352.1230807361036 8.752376584092902
352.1261049880657 8.73219909612383
352.1295882447118 8.774806560857176
352.13716718852737 8.797430898861181
