RA DEC
0.2566158851750747 13.099022341166341
0.25823962981810283 13.02841577769531
0.26114071242547465 13.04334905234858
0.261333247448278 13.082056581777726
0.26257031519661544 13.021866784272229
0.26340658855618715 13.11393975063537
0.26432422691172164 13.019439830148634
0.2650421078791429 13.068752564395451
0.27021889324174697 13.02086483842754
0.2715151104045567 13.07681493177265
0.27311709828360403 13.040617037762912
0.27505723157154804 13.03928687914488
0.27640939674530124 13.021372032855929
0.27794429886792943 13.075348673691403
0.27803526288503844 13.056154939477718
0.28334793689048504 13.0913477681459
0.2836358459022298 13.024873825863045
0.28468310311379824 13.018459762656672
0.2853416310814265 13.05743251298905
0.28951794545532755 13.048242035868315
0.29120762027463437 13.062219457763035
0.2919586282459845 13.085787036220978
0.2929318770425904 13.035535426917827
0.2976996805505001 13.09123113071423
0.2982053519757796 13.07969035738255
0.2982066107768046 13.121864117121724
0.3004494381667666 13.022335008466246
0.3048834420830064 13.072560950510967
0.3064279040641241 13.094522707132276
0.30775626553692315 13.05941877897259
0.30816070611988805 13.09532022972678
0.30860304218453916 13.118509479869367
0.3092634711564592 13.114135744262217
0.31127662632307956 13.023078894007801
0.31330035749489127 13.104508179922746
0.3153779835169348 13.071524837561128
0.31559521177226896 13.044018186788096
0.3165027489783665 13.109168787435244
0.3167386054501657 13.096900607244727
0.31744071442162736 13.028955005459318
0.3178012492623731 13.030463303640344
0.31841318596329865 13.052211860720572
0.31887995168033145 13.072021318737214
0.31897141474182567 13.086198658466197
0.3195433184443248 13.05296272284493
0.321227630099309 13.009181228153867
0.32281371048135854 13.096119105885021
0.32386219667373345 13.077750431488193
0.3249181639659376 13.092095225999582
0.32678322411111416 13.066135991370256
0.3270579901651087 13.120366408259674
0.3275971531147935 13.081949311931721
0.3282254712749414 13.079219207142811
0.3291431685321388 13.058428179937266
0.3310870919130234 13.05839588980449
0.3314231657107816 13.080303203354969
0.33177588751052717 13.018284269346083
0.3318775142085991 13.054821318343802
0.3324917870536338 13.067324381736952
0.33284799710922625 13.023833746071805
0.33342997114491635 13.067851776770702
0.3395224427402366 13.006362572934549
0.33954538664699707 13.040384426460475
0.34000879687817565 13.101367106388123
0.3415054714454538 13.07655424821277
0.34175110008515147 13.088148856619277
0.3428809876847829 13.12077252664138
0.34310269195794546 13.041270670236742
0.3482617922581629 13.013785298901517
0.3484751266113326 13.088110449566306
0.34936455469074634 13.037086363204306
0.35266311012864315 13.116316712243618
0.3535816766486218 13.070158101518654
0.35389303139923967 13.039035719757361
0.3539852684318853 13.044495555864584
0.35406483916834686 13.054488538434438
0.35429164723053186 13.04835713094268
0.3551774598982056 13.085341154851932
0.35597281583646606 13.01042031733033
0.35966520345338937 13.022249936892093
0.3602397116171773 13.121484260909874
0.36054516371596773 13.09936819150929
0.36153267568631264 13.10105901717746
0.3619138891652287 13.078791948648524
0.36383008045129295 13.124451704624088
0.3638954370068814 13.112043909775164
0.3645131116783188 13.099917106941582
0.3650424502257436 13.09779681611592
0.3673005021378411 13.07833681393523
0.368574396768195 13.101579715224599
0.37076667759341964 13.098219296220442
0.3742184156798213 13.071175039690473
0.3781437043818409 13.098784840312149
0.38090813501276943 13.094397192967309
0.3815269868909409 13.100998796384834
0.3816083822907277 13.050465812652801
0.38204929241862695 13.09831591718182
0.38305725739728386 13.043244879682751
0.3841680632667286 13.062516639045295
0.3847081815299516 13.094903875318364
0.3863464344714434 13.121879992565892
0.3875699912551928 13.102423981888741
0.38818077543195123 13.033884779357308
0.3915884364480906 13.0508461583583
0.3932565882284879 13.028007036160732
0.3943142452300165 13.028851877851151
0.39519994292400845 13.040933945075835
0.39542870528159746 13.026315272646771
0.39712176506962843 13.091491538142424
0.39962311846471427 13.035418135920612
0.3999461686766646 13.066288970207845
0.4003457180312956 13.04332387541421
0.4003554943809044 13.074779808665319
0.4022185179133459 13.03518152125043
0.4055716819838464 13.02095797907517
0.40670174836924633 13.08495132687908
0.4084885003712252 13.053517355894888
0.40927559341742037 13.033917179675122
0.4098515939878249 13.029091257188986
0.41201875139659316 13.079131581198396
0.41566252148703453 13.086654168444394
0.4189294139184102 13.032554132752749
0.4222248505612088 13.039326649427215
0.42718756240712447 13.099756652693443
0.4283368457220168 13.087656169497288
0.4320763366175266 13.103813081963265
0.4329923525196924 13.063865740717432
0.43344627037774547 13.037418227579192
0.437285976900701 13.114406613970049
0.4389534101401751 13.104582314469214
0.43963412663797363 13.103954490171697
0.44547300159634085 13.115538130012702
0.4495100095083983 13.02985762748982
0.4537374788223252 13.068162844608882
0.4574213868663884 13.098292390319795
0.4639955278314373 13.107981608883676
0.4650157349426788 13.058117657860537
0.465383103890097 13.057757982260965
0.4676632983776483 13.10401010555656
0.4716366815214672 13.076131240323457
0.475876669702017 13.049023632609458
0.4762516475524605 13.103373718196293
0.4777864386339558 13.057849649434917
0.47870168111058214 13.103727772082381
0.4804723661454734 13.050470330349452
0.48209561609542156 13.06911144893699
0.4851899360603644 13.108820621820632
0.48879876069804146 13.072150798835375
0.4902057214423822 13.118123627300612
0.4913723588055083 13.077842410904198
0.5030223276311577 13.084727053892326
0.5034475048437141 13.09578270419444
0.505458533649329 13.105420186543201
0.5094005809326885 13.10640461705125
0.5100136798384944 13.117160144492068
0.5118139437092556 13.095033181438472
