RA DEC
9.714340250061387 -8.330731045236519
9.751027878671529 -8.34509144430151
9.764365420740631 -8.365663643510286
9.778784437657745 -8.321530182632703
9.780036720686388 -8.335592699423074
9.792989446115397 -8.3442074616376
9.795649042955356 -8.363801094727378
9.804034847682626 -8.296675472122326
9.812362114711647 -8.331271647058546
9.825339463919839 -8.352436976455136
9.841454156449755 -8.349250624145016
9.844811283363722 -8.335455746222577
9.690177297963917 -8.386293764986519
9.694320051735996 -8.37752022475229
9.696687639113213 -8.419488218419364
9.70687306375316 -8.38783370174918
9.712995005233383 -8.454553113735427
9.714949837466953 -8.42327238916322
9.716978499454392 -8.390085389586712
9.72017421845641 -8.398921607869045
9.721772158422409 -8.40015473544837
9.738115910421955 -8.390197344535487
9.738710030480103 -8.448000350796931
9.742760992639262 -8.388391519698686
9.745267195948022 -8.469496677845752
9.751991560195371 -8.466682387477844
9.752098705739474 -8.465258979469008
9.752431022108336 -8.386073976056677
9.75501876904304 -8.407967125807293
9.758711082246785 -8.45891118463928
9.763617704544513 -8.455544516386711
9.764373569331815 -8.433942957143586
9.766616054963905 -8.500557833005681
9.767191381517152 -8.430086893909122
9.768072067993714 -8.42952534290434
9.771734078077722 -8.457898055724785
9.775697284972706 -8.379445733576972
9.777882926415211 -8.37710238156209
9.778586814917345 -8.499819370489218
9.783997119157386 -8.391277245744117
9.788602593920519 -8.427317463867757
9.78959862045316 -8.424224950748819
9.792560542470259 -8.378845533220447
9.799993856942738 -8.424289591153052
9.800033115208231 -8.456463034273593
9.800265449308535 -8.460689864552016
9.801816443939522 -8.44578731990765
9.80824657985904 -8.40576714068052
9.812913966525597 -8.389526727710845
9.822397408755956 -8.452953148472208
9.823006496530096 -8.465153325356106
9.827336759179456 -8.392070166694271
9.828816241140725 -8.399286694582777
9.831472397947964 -8.4759012898126
9.832488697529612 -8.492265001144402
9.832686889663663 -8.476463455197777
9.839763460452854 -8.424685558242066
9.844255528043716 -8.470224038727379
9.845648266383936 -8.487832271468541
9.845676687790808 -8.469694143868109
