RA DEC
351.91574522620095 8.698408650201856
351.91621358824733 8.674627164215394
351.91782938408835 8.718270762576163
351.9181762783351 8.750007447276758
351.9212588369846 8.747471033448768
351.9212750266746 8.866221667619296
351.9215484559161 8.674458509496695
351.9227771347225 8.718158817663818
351.9238336189161 8.857596405358036
351.9241379231301 8.776742632093146
351.9253546747365 8.682585393647411
351.9264254420766 8.871604305836104
351.9280409675328 8.795562346742384
351.92925645281605 8.734936179340018
351.9299950262983 8.756986009764054
351.93048530886585 8.819233414626952
351.9319292376299 8.860881123592108
351.9326916450411 8.750691673362473
351.93304359006055 8.84306483679102
351.9331408523234 8.679816359724272
351.93391506926974 8.799942011897961
351.9342904076646 8.76634463843838
351.9355835561882 8.807378155337586
351.93597528900307 8.760970523942557
351.9365425004331 8.76059186660262
351.9370312063834 8.75113323771501
351.9374099001883 8.773018014179765
351.9386692628994 8.774466869178154
351.9386842013614 8.749901205916501
351.9407796170045 8.800165136915279
351.94113509431025 8.741172784808935
351.9414791556346 8.874292473516666
351.94162541029925 8.71047201908549
351.94403566528666 8.683597763129962
351.94429319730034 8.74860935332631
351.9468002678376 8.782723182845622
351.9477244494093 8.696304942393128
351.94781556046297 8.658076501175163
351.9496628998477 8.70378749243849
351.95010296133154 8.74093466748089
351.9515737703233 8.752174894103616
351.95358148412294 8.873676010280226
351.9550075284224 8.647604316513535
351.95632961712033 8.735684325458381
351.9563535662896 8.68477673147255
351.957124789187 8.810852126615602
351.95793201047974 8.690866833978767
351.959133414636 8.744629269035805
351.9592624039236 8.865969165454397
351.95934559080723 8.75801255703638
351.96291088979154 8.767641052735177
351.9641402466786 8.768521945889251
351.9662933532824 8.686635969762657
351.96741267902496 8.86761435196343
351.96791978835995 8.851463092285705
351.9682832044674 8.847903505245464
351.96907018786646 8.8100601169654
351.9693274536225 8.818852056995466
351.9694552247326 8.874069232921647
351.96956303703894 8.860111443323895
351.96967937914206 8.764132976030528
351.97030772300775 8.864025935487467
351.971623026032 8.688413890164778
351.97604079812425 8.841554169001345
351.97759333559554 8.645396212111914
351.97986438705504 8.847543789510633
351.979915918635 8.684726946670615
351.98441881256934 8.680093595455453
351.9856564408326 8.73244819094045
351.98677218972296 8.808296987340862
351.9893680548489 8.688470766373692
351.99123130797454 8.832186290052498
351.99125833719677 8.653528086070864
351.99567899692397 8.835440480144262
351.9959127183954 8.795656345387156
351.9959290829936 8.677098651644052
351.99694805042145 8.661767918513386
351.9985061539957 8.835598455193573
351.99976798583333 8.708078694421149
352.0030131533165 8.745290796739535
352.0038431437962 8.712837622229841
352.0052014446334 8.854625441527729
352.00558920785744 8.85907088043963
352.00992786331875 8.719590581038398
352.01255762844204 8.705144163647827
352.0126540140369 8.712393445519728
352.01577184980783 8.795666224298929
352.0188883772984 8.769399280882268
352.0251114137605 8.761559250904435
352.0253231334313 8.788618963997095
352.02567859973175 8.872301974649414
352.02579760730373 8.742584738364958
352.0269428869057 8.751785453013587
352.02810909381043 8.793480919619899
352.029019664406 8.767176338112925
352.02986508669517 8.866987105033905
352.035721873224 8.795895326651321
352.03689404408686 8.789444041013224
352.0381554940078 8.698170579551771
352.0407212041516 8.78663728223941
352.04145519040094 8.761681843502242
352.0419313880689 8.715048991849574
352.0424150991187 8.785605187861414
352.0441971086582 8.796651904656965
352.0458637873278 8.750437098245692
352.0479546775173 8.673614699162545
352.04822825919643 8.680231723697611
352.05119353669863 8.747498535009148
352.051565315444 8.68765113373173
352.05223339448946 8.795268796189717
352.05276266550345 8.742338388819702
352.05277100706735 8.789541619239335
352.0538202766357 8.829925506611138
352.0548887699092 8.874883184904817
352.0600034657457 8.706625318804575
352.0605937251178 8.718055319405966
352.06096838159925 8.800704389376085
352.0629479923743 8.738426082011273
352.06328112925064 8.785266247323431
352.0634026742786 8.675161875021232
352.0639517325736 8.695060095636007
352.0649537509787 8.831636182343715
352.0651280584053 8.745247329179502
352.0660543515047 8.748860691821053
352.0663077777494 8.770156087994582
352.070784872164 8.758217503802657
352.07444682825644 8.717567312782732
352.0791532015547 8.840095558957632
352.08166064180796 8.844698687615624
352.0817376071868 8.790816997560006
352.0823046460766 8.820995300609736
352.083465132118 8.694555854780287
352.083651050631 8.672730920831269
352.08483686234655 8.74710071207538
352.0858745497945 8.770455841749962
352.0859928575219 8.767104597312272
352.08762141494003 8.731452252710163
352.0908626914221 8.852059052098811
352.0910295400822 8.757977452772975
352.0940481333347 8.829771589023066
352.09712983705447 8.710350336977164
352.0987802886288 8.81111667916419
352.10018961220305 8.727959444117543
352.10140117238376 8.836732268662438
352.1016422392507 8.810636592669045
352.10302011582183 8.752100894919078
352.10499723691464 8.758439936760029
352.1085228531081 8.691076651337308
352.10989819295276 8.708829273730423
352.1131472255104 8.792872144634359
352.11339985554457 8.773545700518591
352.1184278808465 8.82230256584586
352.12045695847445 8.790680747163298
352.1222042484639 8.78584328452766
352.1230807361036 8.752376584092902
352.12861772187017 8.832325740785482
352.1295882447118 8.774806560857176
352.1334948042549 8.777219996673518
352.13396983666735 8.814855733730019
352.1391839862281 8.79747296962286
