RA DEC
75.35832742620842 -4.127216355944085
75.36152825510027 -4.298314253836979
75.37229375515659 -4.171568351481163
75.37478174811346 -4.1881257674730135
75.37538434012848 -4.188830221547056
75.37564296802317 -4.249815910713254
75.37575148638803 -4.185794187198546
75.37640738835985 -4.176944883254595
75.37836652478563 -4.2232526200376395
75.37837635048284 -4.246312237574757
75.38186538926414 -4.36728989794501
75.38367682022421 -4.202321482962361
75.38382161460389 -4.163103253175903
75.38544284119828 -4.128535925380394
75.38846764664338 -4.270988504800921
75.38973733884747 -4.301092805914529
75.3901656380693 -4.143427637632834
75.39099617426001 -4.355690586462677
75.3917167716905 -4.316704690386731
75.39305999427391 -4.34326059944253
75.39326422393052 -4.215810877380063
75.39467355344739 -4.126736448149766
75.3975421194298 -4.18230219591049
75.40038778180623 -4.373867302812933
75.40084847508477 -4.326208672198977
75.40312763781328 -4.13225593091478
75.40393477367773 -4.130026362154237
75.40639400283396 -4.270542100066865
75.40903901653631 -4.243458490093084
75.40904229008181 -4.256831815749578
75.40926295345815 -4.276482384702271
75.41483163175793 -4.250730065383953
75.41586544585711 -4.253438903219951
75.41830875413399 -4.214026847493929
75.42058205175407 -4.136773816499943
75.42928942256202 -4.250092722359586
75.43056084008605 -4.299330194789942
75.43283293749013 -4.181535668368196
75.43337467277306 -4.331875450367871
75.43790049791755 -4.363734030150692
75.44164967549338 -4.288557249169645
75.44193444953461 -4.141813222786857
75.44230139969552 -4.249896252832001
75.44364939192431 -4.306089015588703
75.44545809268654 -4.29831006833379
75.44992329536056 -4.1631298905192295
75.45021171171516 -4.315382773910347
75.45073830079832 -4.361251334958425
75.45157447378521 -4.30850479290471
75.4525685868 -4.125569142883817
75.45315687939757 -4.2428108257425
75.45522348654862 -4.3615764687775345
75.45568590852127 -4.3621733563504685
75.45870957179926 -4.213890102290135
75.4625889401503 -4.282427836685162
75.46264390659842 -4.208460286586765
75.46430095342515 -4.20512576090734
75.47033236671103 -4.258298735200862
75.47304734373168 -4.15339445806015
75.47551651746231 -4.370757302601647
75.47817665501205 -4.275916121633369
75.4798982677882 -4.249519511448759
75.48437085892024 -4.322480225827974
75.48501090595575 -4.222418308870589
75.48557745488789 -4.324525495859628
75.48652071838686 -4.331391203427723
75.48668308333804 -4.363905900265303
75.49118123305429 -4.305959625980573
75.49322852472707 -4.282704903074471
75.4933153928047 -4.327045435165281
75.49548286178603 -4.172798159035522
75.50359198704666 -4.2951240372546495
75.50364980977177 -4.162881717170789
75.50568899930344 -4.308032732303079
75.5066226014447 -4.314394037051055
75.50915950964273 -4.31077326187555
75.50936872753695 -4.159128027010768
75.51845444328761 -4.186623430859686
75.5238344466144 -4.303220043648142
75.52595472235981 -4.2963408023463865
75.52744784414246 -4.334223431115351
75.5285512578277 -4.2084024964299145
75.53009729838625 -4.242733773697276
75.53076600698915 -4.221318970892818
75.53262421312766 -4.3321444535887315
75.53974592649853 -4.313523379215367
75.54284377444593 -4.2516033508034585
75.54652345485155 -4.280876843950501
75.54935580946177 -4.172436013207353
75.54971291620816 -4.266924608122499
75.55200283727095 -4.295409570410399
75.55393979842368 -4.358794061935751
75.5544103713437 -4.262750659477254
75.55552293362479 -4.293426690601748
75.55580243981062 -4.3624288526584465
75.55987908617642 -4.310101462621347
75.56044910781675 -4.147727900666021
75.56531815555692 -4.220826649369441
75.56808421518407 -4.221217458102154
75.57405303661437 -4.273807058092852
75.57451553999887 -4.243595252112098
75.57608948006036 -4.22971806597056
75.57642346770496 -4.328469973721945
75.57980556092372 -4.1610121500057655
75.58332290939929 -4.236624770570615
75.58358438860684 -4.133379909585095
75.5842522391774 -4.156797108964127
75.58745735949766 -4.262855165181046
75.58924210425475 -4.340893774077524
75.59063306570161 -4.31313198549405
75.5930199572829 -4.216798100450616
75.59772728752678 -4.155610986319855
75.60157799627875 -4.1389627706632774
75.60200262836194 -4.2885877267654795
