RA DEC
50.40017659448598 -13.729635983303034
50.400389875762386 -13.745975287992858
50.40052041103299 -13.713929570367387
50.40176882291186 -13.64438975885753
50.402355212942176 -13.681468209077691
50.40265669563314 -13.709286586242616
50.40338243057318 -13.72321329503645
50.40357714635978 -13.687878712462435
50.403771335129676 -13.643524427978894
50.40404775109006 -13.71119418859836
50.4047622669053 -13.738773336011226
50.40528751752327 -13.748969840068
50.40616567160237 -13.706552071742825
50.40715850006721 -13.74590128229663
50.4082355022731 -13.65578175332529
50.40856519854982 -13.628649019703023
50.40874644204491 -13.748708675626661
50.408899548433666 -13.712650934782404
50.40908313072806 -13.735578243864342
50.40917962890546 -13.741321835492975
50.40982422731104 -13.677343425089733
50.41072005263138 -13.653151722612414
50.41115342162863 -13.633312651763152
50.41203591307223 -13.665417300690613
50.41222808791969 -13.733391933256808
50.41294738896313 -13.702142545076763
50.41331882750516 -13.719050874680931
50.41474173872879 -13.697763108013929
50.415483844069165 -13.67683327533587
50.41603226728106 -13.714206758194825
50.41606610235762 -13.658460864849385
50.41776404812655 -13.7594026629651
50.41840951244554 -13.683460849536239
50.41884904742358 -13.721492462022152
50.41924230527615 -13.65849630989209
50.419396890139566 -13.701544431456385
50.41959752819086 -13.731786303425563
50.42023472024838 -13.727291718232966
50.42036723794141 -13.718247890761495
50.42116083791993 -13.682253307259243
50.421233130280974 -13.704755288390555
50.42241788439344 -13.677335443938137
50.422511510046384 -13.626288463288912
50.423503322779595 -13.687093539224772
50.4247732678604 -13.655506092158854
50.425654746480866 -13.690119663472535
50.42611850534256 -13.72898255343162
50.426486120522966 -13.731142951408101
50.4269839439322 -13.645811119143838
50.42717734246028 -13.737917373654307
50.42803013782761 -13.711468786224355
50.42897803838159 -13.699495006572976
50.4290702439477 -13.76506175722363
50.429140345251916 -13.65281310431606
50.42917395117474 -13.681052773309005
50.42962115750182 -13.736404470606303
50.42990689168995 -13.636555256951747
50.430224071026004 -13.67518693815913
50.43032612781875 -13.716548459766942
50.43062374743921 -13.748025249378864
50.43148585903279 -13.764001825583879
50.43178232780149 -13.658449800234699
50.43250329997055 -13.633142476041996
50.43251946589328 -13.730231592621347
50.43265805834758 -13.711820924139362
50.43328449883761 -13.658668747798542
50.434046209379666 -13.733920548416185
50.43415008202778 -13.736219611326865
50.434216248160716 -13.675981632562046
50.43425838175219 -13.737318366854552
50.43433124877949 -13.72672465822008
50.43461536423402 -13.709627605123888
50.43560930988975 -13.694256298997795
50.43638077627995 -13.670350410239315
50.43645283850976 -13.74640453995669
50.43667728550946 -13.75964004401625
50.437016737208054 -13.741921230235317
50.437479423794706 -13.708458145114367
50.438371131581896 -13.758102856042742
50.43842392317988 -13.645823444167785
50.438841892295635 -13.66828745453678
50.43933086671652 -13.676434297904933
50.44052091608407 -13.71662752754269
50.44052663910045 -13.739520355249244
50.440549916133115 -13.698237749986035
50.440716970712685 -13.738309521749327
50.44084284567331 -13.744121502733558
50.44140105652244 -13.654665043174484
50.44217134581297 -13.72700955942533
50.44242734848376 -13.659611343313832
50.44261906543482 -13.746594418454535
50.44275366493336 -13.631731375266575
50.44324396214741 -13.745022305970307
50.4443052863 -13.701245305803479
50.44497514473015 -13.706576622568996
50.444994728666245 -13.712870645879732
50.445375148480466 -13.71166666871795
50.44571373642252 -13.687661679499893
50.44648518677381 -13.69183733433964
50.44689692700346 -13.723408152634773
50.447328868218385 -13.690911480161152
50.44854448694161 -13.653001125207458
50.44905025206921 -13.626555193003163
50.449161790700074 -13.766362470893917
50.44938219082224 -13.663259999060582
50.449567022209564 -13.653709717693516
50.44961832050068 -13.679335802975421
50.450812825821984 -13.728156721525039
50.45092001429361 -13.640768143183129
50.451402596661204 -13.646307178101555
50.451484916751056 -13.724448472867675
50.45295884653425 -13.671159699881041
50.45419349787812 -13.743220437430843
50.45426559828527 -13.684906753337229
50.454301345444115 -13.674184142624402
50.454767965221805 -13.70941802282706
50.454972382083795 -13.640976183413624
50.45532482277957 -13.66691350419565
50.455519466442446 -13.642710336483042
50.455844435157445 -13.685945781979372
50.45795534731894 -13.758105759697678
50.45833791429197 -13.766349868976253
50.45851803088574 -13.632943041391732
50.458792458138376 -13.651011048414219
50.46028185611581 -13.750667919344835
50.46063106204606 -13.742860714047415
50.46086574224883 -13.667937193012076
50.461371409851395 -13.707111313909246
50.461376238772345 -13.752808710148525
50.46156497020283 -13.721120806564619
50.461712739229775 -13.67783297822028
50.46353413200836 -13.771476612640045
50.46446115332993 -13.689913447638071
50.46451713279853 -13.689414518299001
50.46464389652261 -13.628119530715592
50.46484151936629 -13.762797291778043
50.46560474704583 -13.748862801578062
50.465722454185546 -13.657766478502115
50.46610656033684 -13.743001828875
50.46626330310515 -13.697643981354723
50.46663518362612 -13.692501855167523
50.4669306539862 -13.65591149717147
50.467632458866746 -13.709746548535895
50.46773704584087 -13.633486465587081
50.46776072776706 -13.646869724953275
50.46820627536605 -13.652754263764685
50.46847005405507 -13.7247794428074
50.46886499927711 -13.704440476446981
50.46896837296733 -13.663459451873862
50.469255559919 -13.647256649223303
50.470415805230424 -13.62511946026447
50.47082635444787 -13.716959808757506
50.471462260790176 -13.739158302770182
50.471820949704146 -13.64112031644654
50.47196467987413 -13.661158164069251
50.47208606859509 -13.655780047860516
50.4725966564034 -13.767113102416872
50.472608666688004 -13.65297503466354
50.47359091294684 -13.664985089158225
50.47386152931057 -13.626538054385088
50.47438566841574 -13.691482127120828
50.474696253154534 -13.652157394107405
50.47482182410239 -13.70488594643147
50.47530378642392 -13.628716908405668
50.47551012458756 -13.719605291588467
50.475572588045246 -13.675945375976857
50.4765974709861 -13.661586805723145
50.47776250047369 -13.628106014250417
50.478054213786365 -13.769249329542122
50.47812594830586 -13.637891947260991
50.47885853133097 -13.734838180695068
50.47925503791268 -13.70810328032854
50.47962392653641 -13.665867547236427
50.47982911155367 -13.669097812323589
50.48075134649321 -13.687968376329962
50.48118414740752 -13.678003862371071
50.481506753220074 -13.63477734303175
50.48182652728148 -13.733642623007048
50.48232325494419 -13.692178365344828
50.48274548085829 -13.634009704826056
50.48312050427907 -13.733680644528947
50.48431235424085 -13.749312648520482
50.48462459150241 -13.625343139786843
50.48477850862166 -13.672866745888804
50.484882128755885 -13.666581283327186
50.48552906169558 -13.628471639284259
50.48577007898984 -13.73777068481283
50.48602484322352 -13.633858168243346
50.48643270977472 -13.763024638146835
50.48655282352018 -13.738646383058192
50.48679557732012 -13.731803042983215
50.488429762021504 -13.629864241830616
50.488464707074186 -13.647770972493976
50.48924849278119 -13.743029923190614
50.49010699964306 -13.654268199992325
50.490382845415645 -13.655675194706163
50.490886352844946 -13.667877274135876
50.49094127358168 -13.752594752288337
50.49125002774846 -13.64117137985221
50.491455755158725 -13.708935000407495
50.49150490046853 -13.722875847956725
50.49196176195821 -13.732165979591672
50.49248044151643 -13.717810223897155
50.49363318080621 -13.699527565423786
50.49400683436669 -13.760701357888854
50.49484585749769 -13.673451521620397
50.49487890134038 -13.76125857201227
50.495037695107975 -13.719159128574395
50.496317357192616 -13.632688148799648
50.49671687965528 -13.74016248807212
50.49682297530608 -13.69804632899973
50.49712234446181 -13.642553117931806
50.49723346059995 -13.708451793780256
50.497640975724096 -13.749361819331957
50.497892889067586 -13.768321705342903
50.49835800086482 -13.767160978231953
50.49844867760588 -13.728402185392767
50.50003127779459 -13.675424578435944
50.50013917638758 -13.665454071236626
50.50081807851338 -13.645694312090017
50.5008343154676 -13.767759465104026
50.50100506901095 -13.650217707047899
50.50219109139689 -13.732606215679091
50.50226739770933 -13.735940640848948
50.502616028105386 -13.628250174464515
50.50270020416845 -13.6756122991297
50.50284936037558 -13.715207308887557
50.50288474330683 -13.662412625721789
50.50349448990531 -13.661815458092795
50.50456311429927 -13.740600379998625
50.50524715254555 -13.738517793720185
50.505381897918916 -13.735237479144393
50.506559272469765 -13.733912605070167
50.506559896414004 -13.690225720310524
50.50880831870527 -13.655658631494793
50.510625880829735 -13.714074655028226
50.510972506533356 -13.690399734671946
50.51122967307564 -13.729006874130024
50.51149374954753 -13.707085204057368
50.51216999935806 -13.629727539028995
50.51327478505024 -13.760462126361055
50.513395312084604 -13.762572700711528
50.51376222474444 -13.746888246603898
50.51484851283674 -13.718286725992993
50.51573840849896 -13.68691032525754
50.51601234827311 -13.630762336454445
50.516701146415194 -13.718986038356848
50.51682924865642 -13.739136319580883
50.5183300757543 -13.628289973176628
50.51835955296204 -13.707487950616104
50.52056169205284 -13.636651394275447
50.52078552032561 -13.715469467575376
50.52110153114488 -13.651146024784698
50.52116376371059 -13.707349317378789
50.52157777782864 -13.631119250246698
50.521832864248644 -13.633519374239361
50.52185044099029 -13.643943502465188
50.52208740190065 -13.631206776777981
50.52288345790695 -13.628094582684591
50.523139693549524 -13.665552167016799
50.52327089652851 -13.743976117689256
50.52371822910598 -13.69501499504789
50.52391760949049 -13.664167635844118
50.523940612337974 -13.661104826318951
50.524523755227634 -13.645905416382957
50.52579039564377 -13.656164665666573
50.52603513593867 -13.739748949929597
50.52641575670153 -13.629596661019438
50.5269360030466 -13.751990141538364
50.52696389685708 -13.644954559556497
50.5272763326661 -13.626637388099791
50.52758626563601 -13.738912589826684
50.527789562725864 -13.736340748997083
50.52793628023829 -13.69500390522515
50.52949007962289 -13.74107919966869
50.53012395338358 -13.71598259278465
50.530198786591995 -13.758104873338487
50.530644426630715 -13.730660221574158
50.53172159144941 -13.737523745523742
50.53257153323415 -13.696253750667177
50.5330589275565 -13.72718714288202
50.5334011341027 -13.685797659873979
50.5334033141206 -13.758509060949633
50.535771120562835 -13.65246292382485
50.53628935462542 -13.725519913997955
50.538453376465284 -13.64202818744103
50.540578624277636 -13.722676103491299
50.5422349130388 -13.741199781871405
50.54244759428307 -13.750142428768699
50.54370179878077 -13.686539589691751
50.5441119305072 -13.710864796255894
50.54479413531234 -13.700056524008897
50.545027770473475 -13.6385004243371
50.54557664794665 -13.730883147208347
50.54564107972996 -13.64349706370138
50.54648135908128 -13.738490085718611
50.5466046531071 -13.679376218275824
50.54739176630738 -13.74872024365366
50.548221199914124 -13.732247102421457
50.5482326025476 -13.741898805312344
50.55234012757911 -13.65915347620467
50.55266660043794 -13.691114035862107
50.552752328333156 -13.723889626864718
50.552778188722144 -13.726228471647984
50.553735801893005 -13.714555468174874
50.55399167453362 -13.679812776020311
50.55481020933924 -13.68547709885319
50.55565810308245 -13.705822236185455
50.556661653517025 -13.72586188663667
50.55727370615085 -13.678534307028828
50.557723680987216 -13.646408071982048
50.55774838345435 -13.70621544815004
50.55823664866923 -13.665926049066885
50.559268736594724 -13.729205765744124
50.55937762427805 -13.722855529173225
50.559928176896165 -13.655577224480542
50.55995132838687 -13.664165483817722
50.559958682940774 -13.73024916383739
50.56023975618776 -13.662089421782992
50.56034555617041 -13.736705540088737
50.56066493995185 -13.70230766935121
50.561762144924174 -13.651557592953289
50.561980484623675 -13.631267848353277
50.56203767485358 -13.69384366165936
50.562134416953235 -13.629446537156454
50.56239129983479 -13.699565989188052
50.56247623020732 -13.71418397560616
50.563386151343906 -13.657869993308303
50.56357198855767 -13.702237640640611
50.56384194067825 -13.637133194793753
50.56511185722367 -13.708003348964187
50.56584555404746 -13.630005052706826
50.56593682062719 -13.696543187864373
50.565995074981885 -13.707993540616453
50.56706167667491 -13.73560883358708
50.567519146705216 -13.682713528879505
50.56763575582438 -13.691323772061102
50.56771673708629 -13.648908335633763
50.56919956550101 -13.645188934018556
50.5698514768821 -13.71552695179972
50.57024340610577 -13.640683343628217
50.57242135920584 -13.725792832031575
50.57248648980042 -13.674744121001439
50.57295340445688 -13.702914391266594
50.57771339844713 -13.633262446318586
50.580667755837695 -13.692304305659473
50.58112251722664 -13.70573124190601
50.58237200206476 -13.631905117646358
50.58240021568373 -13.658493534396593
50.582485921880064 -13.687118187582266
50.58473171423988 -13.691584697129962
50.58482784022169 -13.647926540343146
50.58586760816344 -13.695502755270509
50.58610773292644 -13.676356267011341
50.5862280119306 -13.656704595775752
50.58625312507272 -13.68722030866655
50.58672298214485 -13.6409597494673
50.58736756146418 -13.702135770055195
50.587842250423876 -13.680885315017973
50.58891341149245 -13.657679506659722
50.589838933851766 -13.673331201585064
50.59308523093161 -13.636143746086454
50.593514229441 -13.681493641106838
50.59372988398223 -13.693840969897092
50.5937751134727 -13.648033525203918
50.593796012942924 -13.677691504899379
50.600570249027015 -13.664844707098602
50.60177860485981 -13.658880200406124
50.60217150229304 -13.626666999247828
