RA DEC
50.40017659448598 -13.729635983303034
50.40052041103299 -13.713929570367387
50.40265669563314 -13.709286586242616
50.40338243057318 -13.72321329503645
50.4047622669053 -13.738773336011226
50.40528751752327 -13.748969840068
50.40715850006721 -13.74590128229663
50.40874644204491 -13.748708675626661
50.408899548433666 -13.712650934782404
50.41072005263138 -13.653151722612414
50.41115342162863 -13.633312651763152
50.41203591307223 -13.665417300690613
50.415483844069165 -13.67683327533587
50.41776404812655 -13.7594026629651
50.42023472024838 -13.727291718232966
50.42036723794141 -13.718247890761495
50.42116083791993 -13.682253307259243
50.421233130280974 -13.704755288390555
50.42241788439344 -13.677335443938137
50.423503322779595 -13.687093539224772
50.4247732678604 -13.655506092158854
50.42611850534256 -13.72898255343162
50.42917395117474 -13.681052773309005
50.42990689168995 -13.636555256951747
50.43032612781875 -13.716548459766942
50.43148585903279 -13.764001825583879
50.43251946589328 -13.730231592621347
50.43265805834758 -13.711820924139362
50.43328449883761 -13.658668747798542
50.43415008202778 -13.736219611326865
50.43645283850976 -13.74640453995669
50.437479423794706 -13.708458145114367
50.43802497270459 -13.712585838500612
50.43842392317988 -13.645823444167785
50.43933086671652 -13.676434297904933
50.44052091608407 -13.71662752754269
50.44052663910045 -13.739520355249244
50.440549916133115 -13.698237749986035
50.44140105652244 -13.654665043174484
50.44242734848376 -13.659611343313832
50.44324396214741 -13.745022305970307
50.4443052863 -13.701245305803479
50.444994728666245 -13.712870645879732
50.44571373642252 -13.687661679499893
50.44854448694161 -13.653001125207458
50.44905025206921 -13.626555193003163
50.449161790700074 -13.766362470893917
50.44961832050068 -13.679335802975421
50.450812825821984 -13.728156721525039
50.45092001429361 -13.640768143183129
50.45295884653425 -13.671159699881041
50.45419349787812 -13.743220437430843
50.454301345444115 -13.674184142624402
50.454767965221805 -13.70941802282706
50.455844435157445 -13.685945781979372
50.45795534731894 -13.758105759697678
50.45851803088574 -13.632943041391732
50.458792458138376 -13.651011048414219
50.46063106204606 -13.742860714047415
50.461712739229775 -13.67783297822028
50.46353413200836 -13.771476612640045
50.46446115332993 -13.689913447638071
50.46451713279853 -13.689414518299001
50.46464389652261 -13.628119530715592
50.46560474704583 -13.748862801578062
50.46610656033684 -13.743001828875
50.46773704584087 -13.633486465587081
50.46776072776706 -13.646869724953275
50.46847005405507 -13.7247794428074
50.469255559919 -13.647256649223303
50.47082635444787 -13.716959808757506
50.472284065166114 -13.637997345467486
50.47359091294684 -13.664985089158225
50.47438566841574 -13.691482127120828
50.474696253154534 -13.652157394107405
50.47482182410239 -13.70488594643147
50.47530378642392 -13.628716908405668
50.475572588045246 -13.675945375976857
50.4765974709861 -13.661586805723145
50.47812594830586 -13.637891947260991
50.48182652728148 -13.733642623007048
50.48232325494419 -13.692178365344828
50.48312050427907 -13.733680644528947
50.48431235424085 -13.749312648520482
50.48462459150241 -13.625343139786843
50.484882128755885 -13.666581283327186
50.48643270977472 -13.763024638146835
50.48679557732012 -13.731803042983215
50.49010699964306 -13.654268199992325
50.49094127358168 -13.752594752288337
50.491455755158725 -13.708935000407495
50.49150490046853 -13.722875847956725
50.49196176195821 -13.732165979591672
50.49248044151643 -13.717810223897155
50.49363318080621 -13.699527565423786
50.49487890134038 -13.76125857201227
50.495037695107975 -13.719159128574395
50.49682297530608 -13.69804632899973
50.49712234446181 -13.642553117931806
50.49723346059995 -13.708451793780256
50.497640975724096 -13.749361819331957
50.497892889067586 -13.768321705342903
50.49835800086482 -13.767160978231953
50.5008343154676 -13.767759465104026
50.50100506901095 -13.650217707047899
50.502616028105386 -13.628250174464515
50.50288474330683 -13.662412625721789
50.50349448990531 -13.661815458092795
50.50456311429927 -13.740600379998625
50.50524715254555 -13.738517793720185
50.505381897918916 -13.735237479144393
50.506559896414004 -13.690225720310524
50.510625880829735 -13.714074655028226
50.510972506533356 -13.690399734671946
50.51122967307564 -13.729006874130024
50.51149374954753 -13.707085204057368
50.51216999935806 -13.629727539028995
50.513395312084604 -13.762572700711528
50.51376222474444 -13.746888246603898
50.51573840849896 -13.68691032525754
50.51601234827311 -13.630762336454445
50.516701146415194 -13.718986038356848
50.5183300757543 -13.628289973176628
50.52056169205284 -13.636651394275447
50.52078552032561 -13.715469467575376
50.52185044099029 -13.643943502465188
50.52208740190065 -13.631206776777981
50.523139693549524 -13.665552167016799
50.52327089652851 -13.743976117689256
50.52391760949049 -13.664167635844118
50.523940612337974 -13.661104826318951
50.52603513593867 -13.739748949929597
50.5269360030466 -13.751990141538364
50.52696389685708 -13.644954559556497
50.52758626563601 -13.738912589826684
50.527789562725864 -13.736340748997083
50.530644426630715 -13.730660221574158
50.53257153323415 -13.696253750667177
50.5330589275565 -13.72718714288202
50.5334011341027 -13.685797659873979
50.5334033141206 -13.758509060949633
50.535771120562835 -13.65246292382485
50.53628935462542 -13.725519913997955
50.5422349130388 -13.741199781871405
50.54370179878077 -13.686539589691751
50.545027770473475 -13.6385004243371
50.54648135908128 -13.738490085718611
50.54739176630738 -13.74872024365366
50.5482326025476 -13.741898805312344
50.54962667297338 -13.724799189666726
50.55266660043794 -13.691114035862107
50.552752328333156 -13.723889626864718
50.552778188722144 -13.726228471647984
50.55481020933924 -13.68547709885319
50.55565810308245 -13.705822236185455
50.55727370615085 -13.678534307028828
50.55774838345435 -13.70621544815004
50.55823664866923 -13.665926049066885
50.55995132838687 -13.664165483817722
50.56023975618776 -13.662089421782992
50.56034555617041 -13.736705540088737
50.56066493995185 -13.70230766935121
50.56203767485358 -13.69384366165936
50.562134416953235 -13.629446537156454
50.56239129983479 -13.699565989188052
50.56384194067825 -13.637133194793753
50.56511185722367 -13.708003348964187
50.56706167667491 -13.73560883358708
50.56919956550101 -13.645188934018556
50.5698514768821 -13.71552695179972
50.57024340610577 -13.640683343628217
50.57248648980042 -13.674744121001439
50.57856731782901 -13.709243795369682
50.580667755837695 -13.692304305659473
50.58237200206476 -13.631905117646358
50.582485921880064 -13.687118187582266
50.58473171423988 -13.691584697129962
50.58736756146418 -13.702135770055195
50.58891341149245 -13.657679506659722
50.59308523093161 -13.636143746086454
50.593514229441 -13.681493641106838
50.59372988398223 -13.693840969897092
50.5937751134727 -13.648033525203918
50.593796012942924 -13.677691504899379
50.600570249027015 -13.664844707098602
50.60177860485981 -13.658880200406124
50.60217150229304 -13.626666999247828
