RA DEC
32.19861621626927 -10.117909609503512
32.20293332156733 -10.011561925102239
32.203178749251464 -10.046523899379876
32.20380770996167 -10.079045747274868
32.204027163486586 -10.072883632480785
32.204855826197324 -10.096095723481813
32.20650661213969 -9.967074946299165
32.20818700719331 -10.075206290480311
32.20952843372502 -10.075501260970292
32.2105582284727 -10.07488504630565
32.21176494986278 -10.093611537311872
32.21283696991608 -10.066814508650104
32.21383318050189 -10.118065123475546
32.214425111545886 -10.109841818739831
32.214724446758325 -10.114357867733318
32.21725955945325 -10.040073925822313
32.21787374239607 -10.117055777796757
32.21893268958637 -10.087520221882684
32.21963988886539 -10.11535364132113
32.22025520644252 -10.058089546073576
32.2205717824871 -10.0002210811329
32.22175388044455 -9.967175829646896
32.222399181891035 -10.092733431384312
32.22257225958792 -9.975820333404885
32.22328287579675 -10.093689326941663
32.225162322128725 -10.065105260083712
32.225731893977795 -10.02829882910173
32.22669652006001 -10.024309649930387
32.226708848866046 -10.001538110541416
32.22798209234565 -9.998444973960938
32.22798605949683 -10.048353675674658
32.228940581007414 -9.966646414709015
32.22987095769505 -9.993985198264959
32.23023107693872 -10.063956826735957
32.230262420572586 -10.048919947723954
32.231510545448685 -10.018141468582249
32.23152174115333 -10.105501580907701
32.23320866383253 -10.02312854814905
32.23597698635499 -10.000889595948081
32.236639738263996 -10.11263794736419
32.23699450431936 -10.008430002829916
32.237026583999764 -10.105970082672004
32.237426026885956 -10.12159477700637
32.237859807187206 -10.024777590185247
32.238086666924275 -10.043271427795645
32.241490126939816 -10.015732473291992
32.24295547885373 -10.056630602690305
32.24417748784996 -10.02498066675831
32.24519557022158 -9.942969971113756
32.24544535528092 -9.960391894318139
32.24801064429726 -9.977992123364727
32.24882965276054 -9.987059396061099
32.25134216231817 -10.012031607374587
32.2552349930191 -10.124559791049737
32.25605985114748 -9.943439613727513
32.25613502599862 -10.01239236600168
32.256301024522976 -10.057906906729349
32.256473513764966 -9.941646633941373
32.25690594672415 -10.060695667074434
32.261564700406446 -10.114087941746876
32.26473521177793 -9.970845600773261
32.26517680994203 -9.928798349253556
32.26545067994623 -9.966949343808873
32.265518094557024 -10.097203094228767
32.266203294964804 -9.95401239841141
32.266685119803114 -10.022139524990688
32.2670009631263 -10.00732383057852
32.26923652959739 -10.010824012158968
32.26961342220883 -10.005936813604572
32.26970112255466 -10.046342889400234
32.270031707781214 -10.010182387111431
32.2719523599807 -10.105687894168879
32.27207762207896 -10.111903684532239
32.272238271031775 -10.012804352895955
32.27397549838861 -9.970196767877821
32.2744288583577 -10.025107089333133
32.27575144396531 -9.938712143117726
32.27823371072081 -10.118289607225352
32.278714073184524 -9.960661132644482
32.278724800298065 -9.981846845308798
32.27904960754495 -10.059706618208871
32.27962117263324 -9.983403011140965
32.280122592815324 -9.928892863444046
32.280584629000785 -10.062063722993237
32.280920586050776 -10.090423342382513
32.28257384780628 -10.050466117967751
32.28438389463316 -10.018470066528113
32.28441645732202 -10.063559125285176
32.28499426489636 -9.929781224096429
32.285514939690586 -9.914573348174992
32.28570154737809 -9.996521541242197
32.28615068502602 -9.924317741049894
32.2872900624861 -10.011064830968555
32.293803366520336 -10.027974936648414
32.29575713946328 -10.046808965288854
32.29737193053184 -10.105212615074247
32.29761587206154 -9.986129632858301
32.298063876228866 -10.010715485550087
32.30030718242776 -10.071141850846754
32.30039636356343 -9.912704885660414
32.3006277712464 -9.983474543605563
32.30200688830856 -9.982272847001864
32.30482301956985 -9.960750344506637
32.30538083689998 -10.006531664561967
32.30652141608643 -10.048844541043653
32.30821108965777 -9.903067913904971
32.308556194687114 -9.945835867549096
32.309132190231814 -10.111428461187165
32.30947716762001 -9.973068898278862
32.310665133901765 -10.107845062207463
32.31066859447295 -10.092465563043602
32.31109483052296 -10.057993558763718
32.31117181378566 -10.112639443247698
32.31145504761082 -10.002153258718812
32.31189884813149 -10.035069436516615
32.311901652858985 -9.90403990495533
32.31313872676274 -9.946018101861068
32.31378239784391 -10.088146717453625
32.314853492945474 -9.960356509859237
32.315368641120116 -10.119962296819494
32.31601939221794 -9.91861406491092
32.31602298499527 -9.91062511307369
32.31659451836067 -10.122703525900487
32.31703710937258 -10.107623113720752
32.31927761766581 -10.090014580741855
32.32029776566273 -10.112354365090884
32.3205292232939 -10.118429290800345
32.32131065766097 -10.030262620985894
32.32163124243599 -10.042367252466478
32.322580858201796 -9.916859797991211
32.3227982427536 -9.921423754042422
32.32458603907126 -10.01152572614277
32.32690328815087 -10.053567369739437
32.32765893364676 -10.111569435860504
32.329614801060956 -9.98562162705439
32.331007055199 -9.95966936802246
32.33169232631171 -10.088477134521904
32.332316608238784 -9.994135800883596
32.33266865415995 -9.91658383762738
32.33284804183153 -9.906024869127311
32.33327862939535 -10.00302529337315
32.335281729784434 -9.975390578520503
32.33602361865349 -10.00600158247558
32.336045696604884 -9.930908819480845
32.336157796621194 -9.907832079552362
32.338568844097324 -9.976948006657157
32.33918708843608 -9.931189094862564
32.339532318355616 -10.113582403059997
32.34040654800823 -10.040759066764998
32.34105130201232 -10.007526323572066
32.34188053342969 -9.91008169363876
32.34191008895952 -9.93262099937043
32.34238776637231 -10.119609593132854
32.34327554863541 -10.114279080962506
32.34343384504805 -9.975204937726618
32.3457495155441 -9.993477811945645
32.347772805109116 -10.073176419799537
32.34873477798603 -10.120624687585334
32.34880460682075 -9.894908833348259
32.34944535986585 -9.929595648644245
32.35352355978897 -9.976702988477431
32.35454364649285 -10.039268236793928
32.3571115266041 -10.09098131298984
32.36100613812974 -9.9750964377846
32.361229661157545 -9.890623289785758
32.36159237531209 -10.04770313951521
32.36169400105011 -9.95686769056677
32.36214135017457 -9.903521866999828
32.362377156841546 -10.098602686463694
32.36354818505675 -10.079359068406667
32.364317617243714 -10.001969656602132
32.36496502078046 -10.083159936114848
32.365167619904895 -9.970302142891297
32.365990867781306 -9.93949484784846
32.36601152207277 -9.972584884636241
32.366573836341395 -10.046827062998673
32.36900472891982 -10.094225416641507
32.3690134047896 -9.990540855584749
32.36940743729184 -10.106831442305669
32.370610051677694 -9.933169409850134
32.37068870906747 -9.920404026815525
32.37099490366317 -10.111164753829893
32.37156728815886 -10.081798800583307
32.37191473540946 -10.061333461683452
32.3720653088905 -10.110240949604666
32.372776802642186 -10.103260440671193
32.3729412520333 -10.06853709847079
32.373013910081504 -9.980098776781025
32.37320954285343 -9.884081514345935
32.3734199175743 -10.0974227287896
32.37387110672852 -10.002428013497315
32.37397081460802 -10.005572777832297
32.37423870929037 -9.940636916887144
32.37598725515087 -9.949617929769577
32.37608013918917 -9.883876800224579
32.37662043628162 -10.07745803815677
32.37677700177674 -10.109641414511598
32.37718115112333 -9.918544145965129
32.37771001140288 -9.970208543682691
32.378595929165975 -10.084603284280627
32.37890911862317 -9.900339676647222
32.37960902258309 -10.085897503848614
32.38057317161701 -10.107644956743153
32.38103663070926 -10.09354088075065
32.382405471655446 -10.046555307523963
32.382619144888295 -9.919766678012369
32.383051881472575 -10.048713910712095
32.383266582867144 -10.004274985309642
32.383356647133866 -10.115866378710956
32.38354782790085 -10.118082698528854
32.3848222919374 -10.008116609979655
32.387929581851694 -9.997554905528247
32.388266620056406 -10.027038472165383
32.388511039951084 -9.95278358209714
32.39090171487199 -10.047378927758597
32.39165187047654 -9.98843610151727
32.392500811430445 -9.992867116746847
32.3930157015158 -9.902932183538542
32.39306930586735 -9.948886733625338
32.39323345098747 -10.106085085956838
32.39429322884837 -9.958040331137912
32.394799719785766 -9.997140410179185
32.39514384758372 -9.95249622443406
32.39517780489508 -10.012288617515749
32.39713845038835 -10.061833047459132
32.397649810990664 -9.931932448926096
32.39818211401903 -10.00097639631698
32.39918956952317 -10.04910464506303
32.40078002281875 -9.962913861931382
32.40167898101158 -10.056057757126839
32.402362865784156 -10.101495780720045
32.40384210955375 -9.979421230584684
32.40609296162546 -10.070252586752662
32.40914428890274 -10.10936626688422
32.41143270465895 -9.927818459785316
32.412025607905704 -9.913949749149147
32.41248383324688 -9.98868912732095
32.41304063783764 -10.118041110049234
32.414843255505865 -10.042303947460043
32.41551994248696 -9.960247220008531
32.41592091172846 -10.084777341917363
32.41611490466553 -9.956015011778154
32.41768527472658 -10.042694351336602
32.41778562278705 -9.889599326195738
32.41898623294616 -10.056595991578977
32.41900712424463 -10.084629465967826
32.420160117348075 -10.034357092991607
32.42131874188716 -10.102090518652062
32.42268804916184 -9.99133487441927
32.42505430831098 -10.091363541527514
32.42556448346673 -10.079152472769634
32.4259682070382 -9.99041932928363
32.426138343291605 -9.96284356614437
32.427726968369626 -10.042848553458583
32.428093201993875 -9.96910596642724
32.42836518783329 -10.109852876323536
32.42870808001441 -9.98575297500952
32.42870818780137 -10.10126552902333
32.429371517735376 -10.017850955459098
32.42974050023196 -10.014403052477046
32.43052515757392 -9.993724937401305
32.43078831166986 -10.00476908581197
32.43161708686666 -10.014205152229312
32.4323760117647 -9.902537096168633
32.43253319804322 -10.081399958121676
32.43383922469781 -9.889006898472068
32.433873372802466 -9.923119143716892
32.435556022131834 -9.941833226103872
32.43558705710766 -9.973006659280937
32.43566492220316 -9.954311369073437
32.436343207491 -9.994654057532891
32.43666100008315 -9.9854818741927
32.4368391885994 -9.948816382708923
32.437243590594655 -9.959578899920375
32.437934503014155 -9.95293588762061
32.43804116041976 -10.008551611786544
32.440852543533225 -9.924220982390715
32.44165418022189 -10.085165129204084
32.44173791522144 -10.064144311306064
32.44182048592277 -9.980430053288092
32.44221233985884 -9.951901935328667
32.444041310904844 -9.955280619787871
32.44456517944217 -9.882445621352492
32.44467904912258 -9.9726650040126
32.4467012771389 -10.060475277021503
32.447659793601744 -10.07656678906301
32.448029706692736 -10.038876068489458
32.44820748645072 -9.886009184080532
32.44929121208775 -9.995704933877146
32.450363329749955 -9.936554205351221
32.45046128712072 -10.087661981171465
32.24365513194992 -10.320900343185212
32.244172025602055 -10.300046600798627
32.24539360649945 -10.175684012013866
32.2456318266461 -10.147206482862643
32.248986932519834 -10.224040811299432
32.24939915642862 -10.131615068329653
32.251586565376805 -10.298232093097665
32.25204509119104 -10.138821444953315
32.252879580682865 -10.26893297889707
32.25312391830595 -10.19323045835986
32.25478706666303 -10.176586337312589
32.25539420812415 -10.148300646009702
32.25618135145078 -10.195521215175978
32.25642662497599 -10.131342171734135
32.257139359326004 -10.13370944882401
32.25716106131006 -10.163887122660526
32.257565655172 -10.197616747241184
32.2584288390076 -10.307096470186526
32.258913347220854 -10.233209111124435
32.26025044671001 -10.261378727365747
32.26071733411289 -10.304956602661349
32.260849979083396 -10.308498886009371
32.26183909393691 -10.317944178853098
32.262357198763524 -10.15502211287518
32.26260780161778 -10.295638072704692
32.26269722355557 -10.161585143705834
32.262983089358286 -10.341858640149104
32.2638228186795 -10.227409618725545
32.264358574686824 -10.209532664374038
32.26480082680495 -10.260475873798699
32.26501100037903 -10.134060181938606
32.26566598309325 -10.264249897527295
32.26605334869317 -10.14180142699843
32.266432180597356 -10.140674859119416
32.2665060260173 -10.297574561581097
32.26677816180245 -10.132896640642409
32.268420519730796 -10.236471306726658
32.26995284583496 -10.289572552817868
32.27089081317279 -10.359521536919784
32.2715620302842 -10.352421731017245
32.27243180544528 -10.313295739699674
32.27248684662848 -10.247431774687872
32.27491228800447 -10.127042272250074
32.27761948911216 -10.158412360765379
32.27846415251035 -10.195220185675485
32.27865043949218 -10.22024250603463
32.27945978798249 -10.211911105633778
32.28031576724277 -10.134563000331026
32.28193826009428 -10.276082801721657
32.28213192696476 -10.3611550808382
32.28241429889085 -10.300216083168474
32.28356921478183 -10.314971773010749
32.28385558472649 -10.21932860052417
32.28445761197474 -10.203308743775798
32.28536486525067 -10.319841735233702
32.28686843495871 -10.239813822761885
32.287381525049284 -10.230769244658978
32.28804426457206 -10.229296658955436
32.28817950856639 -10.22609316448945
32.28838156225337 -10.24800601571234
32.28868325843661 -10.31700305872399
32.288747224443895 -10.358805873225446
32.28992476961399 -10.223567276026738
32.289965075457715 -10.2180262214808
32.289999698015066 -10.250133243989533
32.29044880042509 -10.154851682546454
32.291973122647526 -10.136377325872697
32.29308309194589 -10.1449488131747
32.293891363322814 -10.367088848866018
32.293947232160676 -10.359054165532143
32.29452589203622 -10.143769150167538
32.2947263508425 -10.165399749951247
32.29561179925204 -10.34142402012736
32.29611786402932 -10.183476008698053
32.296700476284634 -10.328920018541654
32.297211855215785 -10.172663441965234
32.29725023789354 -10.364777278696018
32.29887359602324 -10.341530118592654
32.299425733312525 -10.343456580613648
32.3002741570304 -10.308315934933823
32.30094093586768 -10.21997730517269
32.30105076805323 -10.357009180337972
32.30186772679679 -10.219267890156322
32.30226064450667 -10.206674782050605
32.30247365002366 -10.296139219547722
32.3039904408312 -10.329618988112747
32.30401937073045 -10.32469938975653
32.304041675296126 -10.358401272555495
32.30500196357452 -10.152803451428731
32.30518048136982 -10.18713248636281
32.30520974546079 -10.176025697075817
32.30552178349304 -10.183926102366717
32.305643144001095 -10.316517539525828
32.30802431600199 -10.174771273232128
32.30819617616349 -10.30452077299825
32.308753946659614 -10.188482088163337
32.30884727785571 -10.316874403866604
32.309001986937716 -10.187129739411994
32.309426711120935 -10.225623243827194
32.310467494320484 -10.302154605089369
32.31049735116015 -10.166612015026416
32.31086278586562 -10.33824614492147
32.311125908444026 -10.187160497505612
32.31158127993543 -10.37273935976995
32.31229381891855 -10.179927644198592
32.31248727898016 -10.266075621965678
32.31306105661696 -10.206337737266498
32.31333216385626 -10.157480183933256
32.31475811685202 -10.158659280257766
32.3154503983778 -10.28500996655687
32.31672781757773 -10.321420079039342
32.31683325534266 -10.2781858109092
32.318575786733305 -10.311709041423933
32.32004257497098 -10.31942486188635
32.32104509395603 -10.218328089490091
32.32119274216878 -10.36420527979632
32.32138806592751 -10.283490708070817
32.321492795958505 -10.165850208893223
32.321623055557936 -10.171650731030274
32.32236323984398 -10.292197147639346
32.322918210101356 -10.301288647583007
32.323028666888206 -10.33496071168613
32.32329691976164 -10.196546804806143
32.32333767372425 -10.157534627946632
32.32385425640707 -10.328290969430851
32.3242574321144 -10.195280675067252
32.325332711980046 -10.281602104626948
32.32538249086977 -10.251808670415333
32.32540762460922 -10.205146385983184
32.32574111269669 -10.288881149228954
32.325946966689415 -10.32151963857773
32.32594921170718 -10.167354830657713
32.32606872701219 -10.20702566490281
32.326190980873335 -10.359885435402179
32.327163333321856 -10.163118581087543
32.32728747897697 -10.359175958840245
32.32953384897883 -10.364535795253875
32.33010690531005 -10.143444163677305
32.3308772197865 -10.293402760941897
32.331975141853846 -10.154392107753589
32.33210502889121 -10.314991737949764
32.33256478500671 -10.276560084124895
32.33407975777497 -10.322339396592966
32.33413538896888 -10.303146920781312
32.33442094183789 -10.16795805155905
32.33454718425778 -10.155573457987039
32.33460549265903 -10.305918486555136
32.33462538969251 -10.215622819385715
32.3348086979088 -10.207685490407183
32.33482465637258 -10.32821992237218
32.33581261850495 -10.292611590305922
32.33597521030568 -10.19301703349118
32.33654273067603 -10.242075189192962
32.338167654272056 -10.191810139143133
32.339991682648304 -10.322622765128274
32.34169148703879 -10.16364921017407
32.34180465328169 -10.157696749973388
32.342763717507296 -10.361570741980392
32.3427756458215 -10.183273791333841
32.344204752509846 -10.26176604721897
32.3442065895973 -10.269833931063353
32.344877484556996 -10.160405695639371
32.34712655651319 -10.224242699647064
32.34794955260938 -10.163916909409146
32.347966561739334 -10.226360873666248
32.34848359434969 -10.367881332453472
32.34885722341389 -10.348095999030708
32.349916486005604 -10.258556684784711
32.35069692468217 -10.205356571370553
32.35141015750311 -10.292943829902537
32.35494736297272 -10.140775486777368
32.35497259708437 -10.19762971375722
32.355102786194976 -10.261849388621714
32.35516197656329 -10.205981750578175
32.355321949082494 -10.373827554240595
32.35533244838806 -10.296264087707971
32.35549914795296 -10.302369111544245
32.356100007777556 -10.343229721930868
32.357671352513975 -10.2836103322074
32.3578263872581 -10.195258268284173
32.358019397520685 -10.265710378044364
32.358348508215165 -10.249741188094708
32.35927518810214 -10.307017356493903
32.359472039905555 -10.246390885670772
32.35982085862953 -10.250141876393979
32.36332551684549 -10.33025354100105
32.36348960402865 -10.240781089155357
32.36355089824818 -10.227195415849867
32.36408855087844 -10.328138575820086
32.36439404487937 -10.350883086311612
32.36474619998406 -10.284875745833924
32.36819979030973 -10.32530799197342
32.36840229695982 -10.329601861360906
32.37014943847776 -10.313652227890161
32.37041434747032 -10.357472840017723
32.37056464146663 -10.324763441140307
32.37175107248201 -10.253361048733026
32.37182990015864 -10.161103633603439
32.37223609912801 -10.310344061314346
32.37245000932785 -10.135662158277531
32.37367205441459 -10.131971472812685
32.37404879483797 -10.244127444083102
32.37481054487098 -10.167511670693694
32.374837382803506 -10.140553443338232
32.37495876274454 -10.246272591274803
32.3756751455574 -10.162621498309196
32.37643327759488 -10.265983697291064
32.376624125776246 -10.16279237569956
32.376656722212616 -10.159315537237195
32.377523233434644 -10.231328957929275
32.37777815441582 -10.143181834353925
32.37876507438961 -10.205395491948709
32.378809385054794 -10.339119285048854
32.37964450610225 -10.197154478037861
32.38011402996292 -10.251977052651721
32.38047611808237 -10.301103880311109
32.380597083114424 -10.229107166632549
32.38215085881976 -10.220947759143293
32.38244839471683 -10.364401582860468
32.38410580352297 -10.139028861055635
32.38446217835404 -10.335545322172342
32.384769774218775 -10.349475517020876
32.385725662128905 -10.140811068262078
32.385871894209686 -10.32962832663456
32.38630263433746 -10.153770971493335
32.387298278324 -10.353570921447888
32.38731410000762 -10.291700546294607
32.387931697145014 -10.250909869718308
32.38799343986427 -10.264175800003294
32.3881150118877 -10.365588924235732
32.38880460643319 -10.278095469258991
32.38899501313048 -10.232634325297497
32.389034168447864 -10.300682004624205
32.38956943465454 -10.233135582302662
32.39112812869198 -10.139493110730715
32.39158903840107 -10.185407507738871
32.39285506831935 -10.22953235200577
32.393043432543024 -10.208047102560249
32.39310005820527 -10.269848931063944
32.39366090519915 -10.25887119317285
32.393970252173055 -10.189547384421008
32.39552404139453 -10.196630938663361
32.39575765709191 -10.189789356348184
32.39641782845363 -10.373740289802152
32.3986848077342 -10.33881338397262
32.39894624796453 -10.159864874613255
32.39896168768043 -10.189994195009273
32.401825256452284 -10.138921449492235
32.40241154362484 -10.314223600172948
32.40257944132734 -10.344104541235666
32.40425050171608 -10.25690423843565
32.405054588628474 -10.314622543078146
32.40545142419841 -10.316381861403
32.40617363288734 -10.245721680257251
32.40663436708237 -10.30844092191334
32.40724798010271 -10.282836137490571
32.40874234263605 -10.23429934341791
32.40972434612269 -10.177946620859593
32.410108232952254 -10.311164440526717
32.41054274850656 -10.202957636089792
32.41093789696142 -10.360920532426446
32.41160632802009 -10.314667207247375
32.41197543157005 -10.318996225036159
32.41199380046957 -10.13058651946719
32.4120959908448 -10.306257879711039
32.412399913207295 -10.169647516879417
32.41271227475936 -10.247419972558365
32.41309633542216 -10.187125761137823
32.41389993413769 -10.374528866294352
32.41474168135639 -10.23848209906261
32.41586765409727 -10.237689320216
32.41695111849701 -10.301719879415138
32.417250844285356 -10.269672830939143
32.4175339003843 -10.254296181170714
32.417735184114726 -10.354501661609245
32.41789567831254 -10.130044267854055
32.41923324995304 -10.208110195108935
32.420132016224514 -10.324659455890847
32.42050826095261 -10.310158895843756
32.420827064569536 -10.371632525697335
32.4222272360076 -10.300391919643625
32.422327622130354 -10.26435800649882
32.42261172769396 -10.307430225218889
32.42302554488326 -10.29240240340108
32.42321050250758 -10.30495861923669
32.42447805617787 -10.244054421583009
32.42567849216668 -10.333116503800468
32.42653831185954 -10.300064231134899
32.426773808728186 -10.199946872525572
32.42755677655206 -10.20927018013566
32.42975050397967 -10.151229456991883
32.42997850529514 -10.32214697187034
32.430266585968134 -10.200955534708811
32.431259590800515 -10.279625341966886
32.43215543054997 -10.177619942464856
32.432231427198815 -10.246762751386765
32.4326189391995 -10.157995304503867
32.43299448224891 -10.347977073261713
32.4331699120943 -10.19188647440089
32.43434638532175 -10.299902437834737
32.434422437092756 -10.31650934575363
32.43471786917236 -10.226233944555142
32.4354639567695 -10.3070301372991
32.43630020693988 -10.338135217671942
32.437457525914105 -10.29000539842819
32.43769261347702 -10.187617713525755
32.438196274033984 -10.195642174436715
32.439025712715825 -10.334183733298199
32.43975478182571 -10.213356352174994
32.44011734167124 -10.199332522096666
32.4402944525915 -10.186836835436257
32.44043567079474 -10.129853532205834
32.44093481850204 -10.138297342154875
32.44118280232808 -10.288068775937182
32.441551678156614 -10.246255163144351
32.44190613146449 -10.172255629293325
32.44281226477216 -10.306331460813656
32.443139649477324 -10.23506839122295
32.44377550371169 -10.370023133745812
32.44403541619725 -10.284166055279002
32.44441969205003 -10.151084325088396
32.444979429191264 -10.319108558694378
32.44529958129815 -10.217892088208677
32.445400257285044 -10.147732537527896
32.44640013616143 -10.179809229191092
32.4466300086568 -10.182340050062189
32.44732361409279 -10.371294510741683
32.448604204054476 -10.227712221271975
32.44868420805799 -10.261047544203752
32.44918731284112 -10.192269206379617
32.45023108234109 -10.153248061409547
32.45041367119495 -10.290764820119454
32.451006824062944 -10.163660559732302
32.45112388916019 -10.141162123095238
32.45142291610345 -10.302790854303092
32.45256907178326 -10.339275134153189
32.45292977508494 -10.372312390758646
32.45384554828089 -10.127468187424276
32.4543079077709 -10.271017401784215
32.45647726846397 -10.31101379930146
32.456672441565544 -10.165061563816094
32.457395600974706 -10.208381380339175
32.457416678207565 -10.210437579748
32.45964622139891 -10.338120025714998
32.460309925804964 -10.29707212299137
32.46082065294244 -10.213714849235078
32.46109481890557 -10.326986492363742
32.461880540523225 -10.337902129063385
32.46198247996175 -10.233784160721434
32.46225898880356 -10.230001238272465
32.46226662682499 -10.234356503298779
32.46298376406106 -10.279658691893731
32.46300067988326 -10.199217223976317
32.463508526922496 -10.346442409648617
32.46448693814051 -10.190680114583161
32.46458863648783 -10.336527445014802
32.465161195072014 -10.24690626692938
32.468819128279634 -10.353024423537187
32.469000716928754 -10.358171680777728
32.469586773105505 -10.273847064276419
32.469770253806836 -10.224288326132022
32.470240146035195 -10.289452001538251
32.470692069883874 -10.296929505223716
32.471260962045974 -10.276706831008745
32.472427300586766 -10.295431611781455
32.47289101450979 -10.277290179809961
32.474141557522984 -10.359782999427932
32.47492712000809 -10.363568670821858
32.47672829969848 -10.26057897705282
32.478135263076034 -10.271746864054714
32.47903324963635 -10.219138234068208
32.4791548009289 -10.230193222445223
32.47960354758869 -10.340845994889973
32.47970910271873 -10.343422761521822
32.48080262401571 -10.243785846585553
32.48191464585703 -10.281700609772845
32.48288904289246 -10.342552529693977
32.48289173937414 -10.179482431227745
32.48295263716308 -10.269036370556105
32.48412414417406 -10.288778976005789
32.48461450379241 -10.201899563010347
32.48494243655535 -10.297984953057073
32.485406547081276 -10.289524896044158
32.48651677728561 -10.333318198286346
32.48767266316433 -10.183212836753402
32.49011282774775 -10.223760795984225
32.49020343192112 -10.257024283481295
32.49046944379291 -10.360887520645438
32.490853806789005 -10.296386855232608
32.49147717998701 -10.284994116410893
32.49162474595826 -10.20445952421995
32.49175248689575 -10.284316203242435
32.49190183697966 -10.354307283897292
32.49191858456969 -10.223500650899863
32.49252555505849 -10.133037018288823
32.49259023043979 -10.357898794985344
32.49301673020146 -10.175587541221237
32.493400217012436 -10.15119184734894
32.49374515851181 -10.264299734275246
32.4950561024816 -10.2403027339313
32.49609971058711 -10.305189977582488
