RA DEC
9.751789693507135 0.8377360714624061
9.753393528520348 0.6328285649303761
9.753971535670315 0.7026512422934028
9.754273028946844 0.7696397072721064
9.760625282426522 0.6383721109638958
9.761330708105607 0.6441458111801116
9.76134021062273 0.6610254403345266
9.76180993337485 0.7136989429887888
9.762760313712917 0.7212455825631541
9.76338738991915 0.6272334353412121
9.76433647234827 0.7152360615004918
9.764384459513279 0.8058791924325104
9.766562248793495 0.7790205261142628
9.766826189727407 0.794262472983344
9.767375776277031 0.7977737410985285
9.76756968208861 0.8115971468175844
9.767823148806189 0.6319594132921824
9.76833633731844 0.7064001080372319
9.770138190397576 0.6933980500707058
9.77107500160243 0.8515594971563757
9.772899816745447 0.8274505314241705
9.773045193848196 0.688925082965458
9.773225900806194 0.7897225235974784
9.774193322402862 0.6319193200459615
9.774321996075502 0.7552002072724248
9.77658078073899 0.6910677947410296
9.779433520038568 0.6698785862104786
9.785239803253216 0.8222705342358604
9.78705444955216 0.7366608738122635
9.788587721860095 0.6360661773938365
9.789922555029571 0.8007329398665646
9.790179489496454 0.8579510521822196
9.791725716151388 0.6966569141346411
9.791824888826392 0.6528210379132431
9.79234119894511 0.6487372481428708
9.79264178840457 0.8007065186383091
9.792816628201109 0.8349889921025716
9.792842942194573 0.7908901543183761
9.793312988721485 0.7945048469852154
9.793808084898776 0.6799705795732441
9.794691196488875 0.7627191702849724
9.794887977560792 0.8379174321191936
9.794968879590286 0.6830358399726075
9.795966511964872 0.7105961263811812
9.7975812286264 0.7999482438792574
9.797593010168985 0.6968225470070019
9.799818900648383 0.8278963466320812
9.799951134228746 0.8059263580878439
9.802446671507742 0.8154932690379327
9.802542981739023 0.8538157478598241
9.80271218450656 0.6501491210078227
9.80333775474826 0.6313888762983942
9.803850178233159 0.7833208931391483
9.805024621324181 0.7724561358411848
9.805325651616084 0.788802341435763
9.806068412151603 0.8187998161902885
9.807923972691272 0.7195478347772992
9.808620230619056 0.6347811972275339
9.810323961777948 0.6564636754345389
9.812567197929583 0.7411467053674368
9.816565873549091 0.7678515014724989
9.817045191385317 0.7044566973244275
9.818497378083672 0.7191628572774195
9.820047736437456 0.8056235739707951
9.82073808122479 0.7065499284524269
9.820869832845244 0.8372576368074353
9.821639327588063 0.8157345157229436
9.821719185461786 0.6898585063169839
9.823834803704441 0.7691039144116864
9.824348122593547 0.7283572593242962
9.824416776716728 0.732103552469837
9.825457432478512 0.740033857625836
9.825889327616292 0.7066197348045268
9.826056752979087 0.8217680444129192
9.826696920352198 0.7670490450357423
9.827420025013655 0.7141207622359098
9.82753741347823 0.8638518161091782
9.828085478233445 0.6954777722691423
9.829431583615245 0.7693964901211741
9.829694710613646 0.8144102845975144
9.830579007720447 0.8629369634533104
9.830615986229395 0.8458537119486942
9.830913922459839 0.7755005854422746
9.831573710086555 0.8320678397901926
9.831963961528304 0.6503193012382665
9.832312382662607 0.7149258337284812
9.832344884242566 0.6266082308543501
9.832491384790718 0.713161321715225
9.83258462105897 0.6739006338891883
9.833348590782142 0.855734651848229
9.834407928403365 0.6841847993267531
9.835703140469551 0.8679052979477652
9.835887671400284 0.7901087858345611
9.836353686232128 0.8745396694574119
9.836518320031232 0.8005510990559025
9.83688301516956 0.6489833289934965
9.836896027329226 0.6557285716599445
9.837600301020597 0.6322169244794281
9.83761882467868 0.6859146027613406
9.837707895014766 0.7771382791720225
9.840103528319155 0.6299850989072099
9.841066452077852 0.8275777422331305
9.841292231567854 0.6543097737928436
9.841416228285155 0.69069316857274
9.842155306113451 0.7269164301361929
9.842536732555184 0.6311813055373653
9.84300721672846 0.7939598090224408
9.843043742016722 0.7278640225404472
9.84343498084454 0.7822704382452615
9.843892218690623 0.6884364271273331
9.844522232460438 0.7268421542514388
9.846114861217508 0.8478424068094929
9.846334698012754 0.6617997056968712
9.847884376624055 0.8740245641775277
9.848025212839051 0.7199681385710095
9.848115966067791 0.8375476222911209
9.84872404202645 0.6553451857697534
9.848988126000615 0.6971919610422592
9.849222615776455 0.7916998817714115
9.849518501268477 0.660674274088609
9.849809766776922 0.8599296534275102
9.849824891576418 0.8231908569503285
9.850885127145643 0.6995086515758264
9.851112902443436 0.8620237853472408
9.853837960840142 0.7767337095300737
9.855437268998912 0.6808698264717561
9.85606412099992 0.6355171721409587
9.856330808569695 0.838452890631739
9.856520210165215 0.7650853119175381
9.856885194946146 0.7319684291580713
9.857068830236319 0.6262270589674487
9.857119460435657 0.6295950562635401
9.857681274677079 0.8428120130273977
9.858316478015924 0.8373382879928817
9.85851201752025 0.668903785472849
9.860372425121696 0.7768447649479601
9.861095484860268 0.7031309797113934
9.86236180119769 0.8190020286536767
9.862945940874905 0.7809542236627592
9.862991033382364 0.8198479763133549
9.863141664820704 0.8565816526676783
9.863844448990603 0.7529171075475644
9.864230032431289 0.8090345845019156
9.865859258351186 0.8521033725963819
9.865986571478956 0.6602973747451829
9.866122679602055 0.7600396011651217
9.867035033080832 0.7597507980509469
9.86712190822415 0.77826821578936
9.868119824663713 0.6748790950590084
9.868348700567166 0.7267459188721687
9.86894045465884 0.6532952957620017
9.86960837074096 0.8623739157011758
9.871562348694688 0.7138909415263817
9.872441793712861 0.7382219871796739
9.872502344175912 0.6358839773490678
9.872905459516025 0.822478289138977
9.876478129536704 0.8109606786985756
9.877159474368938 0.828249242365485
9.878060838624581 0.7027499533607438
9.878672332543642 0.6645246895710163
9.879009729242831 0.6610940947003754
9.879100125668085 0.8178426349261354
9.88293035781907 0.798663941040404
9.88347051154211 0.6471919416793575
9.883527588071214 0.6263215652157085
9.885701861421216 0.7121201982570186
9.885702025651984 0.8030096769648322
9.88626803142152 0.8259473217936079
9.886411872925466 0.7278812246844669
9.887007419601005 0.6309612062348899
9.887434764656518 0.8208166109534724
9.887588494843097 0.702394376369057
9.89009384281054 0.8193088904102108
9.890301021403268 0.6995041820625755
9.89037945362491 0.7090187872153656
9.891237747068475 0.6998786748967535
9.891410865126035 0.6286431611835418
9.89164738253531 0.7350705968314772
9.89189218354175 0.8255963562900074
9.891927318685031 0.7341096025586576
9.892013155867609 0.8556209785235339
9.892617072935266 0.6725218834447628
9.893185622254647 0.7313151207871375
9.893538083132674 0.8135380022345431
9.895193753962081 0.7097886896540263
9.89985728264969 0.6350453933288359
9.9012577959713 0.7669777074466452
9.901759948294158 0.6735590866098451
9.902790914112433 0.7486726895425423
9.90280055659364 0.6444396790697642
9.903651084802657 0.6462976141769021
9.903673933560457 0.6479005780220255
9.90501151876873 0.6335394126760286
9.908470833572327 0.6668056905876093
9.908558199580185 0.7253700513520726
9.909327494959298 0.7238883266568567
9.909805224262811 0.6629703148359949
9.910182455346334 0.7601676861052225
9.910345147896903 0.6965451584031475
9.910908430685723 0.6847721034824925
9.912591231598753 0.7117705485255352
9.91299300284884 0.7578211361705927
9.914307128626875 0.6258604022916412
9.914815743596423 0.8230622312359915
9.91524016696991 0.7435035904462357
9.916316802683639 0.818229454796254
9.918320116043379 0.7775139265568155
9.918642730771381 0.7923920588295539
9.918865523521356 0.8721532951928974
9.919487201303916 0.6380293612719469
9.920238981266598 0.74744283889036
9.922154021655897 0.820568393324064
9.922395699884756 0.6952664128078581
9.922603701244592 0.700917262749654
9.923948922837495 0.6943956931649181
9.924498416270692 0.692362888966239
9.924669122871261 0.634146228015586
9.926683775567572 0.6839434812872114
9.927109591892679 0.7490853846884665
9.927142398245394 0.662232876801043
9.92896380280333 0.7227915405084969
9.929029625044558 0.6835554830325906
9.929516865909788 0.8611201401342078
9.930071242983113 0.76042803213968
9.930185464485207 0.7214953611451955
9.931108963101687 0.7724139612818072
9.932655614855646 0.8463126310028407
9.933163323788603 0.7458024561658408
9.934123544573474 0.7859360993973818
9.934343187942336 0.8125120627314736
9.93457348502831 0.8599831822983504
9.935970413254896 0.6743782544862127
9.936102973452497 0.7576848141180957
9.936383728850169 0.7258912184701338
9.936442650174591 0.7298038163174337
9.936628554440112 0.764619164528147
9.938560112733484 0.8641431724856112
9.938579495048552 0.734761654655598
9.939385756508418 0.780509467990465
9.94049307251482 0.7609925360053055
9.941000644008254 0.822215050433255
9.94249811631145 0.8292472836624531
9.94272900310866 0.6505726539000991
9.948186803379153 0.6842733243184389
9.950487100646894 0.7841258068246263
9.951456861196508 0.7985644259685727
9.95284549341709 0.7192114443535421
9.953101932487527 0.7135389012774673
9.95480421281841 0.8597845152823896
9.955878182589544 0.8318171580709245
9.957557133595124 0.7069976266949916
9.958071734557159 0.7221655719084534
9.959551372230495 0.7077086791170116
9.960894967392557 0.7715551304487958
9.961528929308894 0.7027305538385106
9.962421133532933 0.8139385729642542
9.963106486775489 0.8222602278908764
9.965602761036944 0.6504605093904766
9.96583641392279 0.7929426189745552
9.96622298559943 0.7534579935765221
9.969238340221098 0.8304925844624723
9.969944386124228 0.7721608981638104
9.970589655907029 0.8717976975613967
9.971065610574264 0.8196645036018687
9.973335582518622 0.7195738747427187
9.97352713762416 0.7625189082575564
9.974488126625694 0.8080808575603499
9.974568518798772 0.7500446850196681
9.97692603641788 0.659142348317934
9.979566904417277 0.6605758713814697
9.979662396128786 0.7623752361430407
9.979982057551265 0.8053075226952383
9.982402643555528 0.8344550497080881
9.983254654693171 0.7708130433310821
9.983595361642472 0.7484375837781958
9.984498007672967 0.8597035597714073
9.986880992568645 0.7843577104981925
9.987336455140744 0.7368277240689289
9.989890852275714 0.6757444143554419
9.98998091437645 0.8259591904867855
9.990378001071562 0.6694627787386223
9.991935060306245 0.798226561855148
9.992733215838511 0.729551730074219
9.993195737587945 0.7515892902071576
9.993319565553726 0.7412809033991989
9.993660532429553 0.8558606366765938
9.994323435970685 0.7026576388989756
9.994905974523425 0.7073103215697524
9.997340504593891 0.8692644126338093
9.999158643284431 0.7441791343896091
9.750620481789507 1.0076271187733203
9.750728600561006 1.0335447830467956
9.75083393646886 1.0813323743382734
9.75088915276037 1.0362914346866814
9.752938772462718 0.952362777670666
9.75354025411975 1.0165487452559467
9.753832111426716 1.072471620157647
9.753847673950245 0.9646600200442718
9.75562608069248 1.0933164860623192
9.75715088709409 1.0105082857752326
9.757963506117571 1.1195302048242604
9.758462538774323 0.9402596508202188
9.759941993243213 1.0228486400453662
9.760945473990922 1.0393819334000909
9.761062520822026 1.0840460041204212
9.76107485450962 0.9257277835058207
9.761563126281205 1.07392921987504
9.761991411229445 1.0722590060934116
9.763502039101619 1.1243612790125947
9.76397610471116 0.9409729962472991
9.764017745451902 1.0785283861682813
9.765582075573356 0.8881150974662607
9.766990543998121 0.9779685699254107
9.76848159445987 1.0011625219309186
9.768922774768823 1.0193541788094016
9.7689306667921 0.9322469233821049
9.769441677034663 0.9816427717996122
9.772756531614606 1.119304193088015
9.773045066780258 1.0577478993511444
9.773301256027748 1.0059084769163198
9.77664574713586 1.0446893063416456
9.777054335310417 0.9456269073012354
9.777887102399326 0.9541035627129836
9.778357165603845 0.9158732284860251
9.780768647326074 0.9167972075360816
9.78143607318882 1.0236713010359044
9.781894882737877 1.0287996076192554
9.783615065039676 0.9814872412999623
9.783717552038631 1.1066760646913611
9.783888182942523 0.9137904443883585
9.783960935372791 0.9693821374154138
9.784053626275867 0.9511054441008382
9.784605803365642 1.036463071631154
9.784634802390402 0.922935908417641
9.785059378215633 0.9919098442083498
9.785258229279947 1.0847609408379184
9.785323991481366 0.9120403694474787
9.78609081412301 1.0210463678505937
9.786334956616875 1.085250741380611
9.787247405888477 0.9915214071393382
9.787430118802268 1.0864216200826078
9.787596186845523 1.079186209928916
9.787643860483445 1.058817316841658
9.78795682058944 0.8803648274063675
9.788580043224432 1.0929615491926128
9.793615170983658 0.9655407047034058
9.793738713825418 0.9921776412550812
9.794716250333458 1.009862740992719
9.796434055150463 0.928662961299018
9.800093886685307 1.0784693805063519
9.801955656846063 0.9540741301929949
9.802291372425213 1.057511626863025
9.802364282768336 0.9289981374777359
9.804119469599955 0.9666215475631105
9.80466116974067 1.0530584645230103
9.807129033476304 0.9676651498405129
9.807227501393012 0.9452866848684494
9.807256701657348 0.9147482000671364
9.80764470682465 0.9471783737724767
9.807700379413017 0.9597867682737048
9.80826088955656 0.9231807995363189
9.809559964889152 0.9014633856306027
9.810598458947581 0.9055272823978239
9.811045937709375 0.9590355238176888
9.813203070136941 1.0058270098902709
9.813307488996255 0.9742842117778989
9.814179862457125 0.9038441135418125
9.814206296739718 0.8882986614885838
9.814371939405165 0.9218835086232179
9.814608241994032 0.9233449398055521
9.81503815233648 0.9014259846657762
9.815364255066857 0.899908767338031
9.815728482817839 0.8976349898242881
9.816467251147808 0.9056178547648672
9.816482073522312 0.9197289741811432
9.817301890966233 0.9205264085578662
9.817578044295457 0.9694262707416897
9.81813110020499 0.9336786778238894
9.818349051447226 0.9485414303753706
9.81846885663968 0.925897551714851
9.818545842092037 0.9372904235275149
9.818568096044055 1.0866500145644677
9.818733467834988 1.1024023336885054
9.819276615843876 1.124239941625237
9.819460107651478 0.9522665793936846
9.819811185591947 0.9387808997714322
9.820111397356197 0.9072438391562062
9.820169818121192 0.9364285315227984
9.820691949360796 0.9224761022565033
9.820890226437765 0.8970770205207835
9.820988182760468 1.0163671715191318
9.821447778562565 1.1112802902918972
9.821545193675343 0.9421891488110814
9.821675991030586 0.9345760590712439
9.821902605473287 0.9489028845167282
9.821990861336221 0.8971932360568219
9.822112004538512 1.0857492067167425
9.825114208296048 0.9502689236058381
9.826177894620036 1.090435352763498
9.827421571864138 0.9736075924794784
9.82752643120611 0.9769320811873469
9.827789032951525 1.1056631712930232
9.828086003080458 0.9934287385161334
9.829521750474873 1.015094892284786
9.829743433553087 0.9769738374138126
9.830036938197505 1.1109995621745659
9.83030303431322 0.9510961372753621
9.831345953211951 0.8858046485439599
9.832460523039678 0.92396282320339
9.833836307512469 0.9788017217880566
9.835294845473088 0.9316833034134039
9.835330587723774 0.996554551834087
9.835539188302237 1.0425745017027068
9.835881794178606 0.895298713961089
9.836436109219278 0.8964691843831146
9.836603961920096 0.8949409067721661
9.837520029001317 0.9180422795647352
9.837849940554872 0.892519371662405
9.838730459225932 1.0941521398846028
9.840480250892947 0.9696562537771702
9.84060760950031 1.017637792012011
9.840664871566222 1.0165741773291839
9.842340457687838 0.9292527697658771
9.843072385961259 1.1234527067476354
9.844611898881743 1.0205754950423525
9.847341298758973 0.9206696714779162
9.848331629053932 1.0903886016935618
9.848493863182876 0.9297171808514354
9.84973943279959 0.8862729759738169
9.851242614685244 0.9146797263172862
9.851336693662622 0.9111854742845636
9.851562162730048 0.994998491798001
9.851683110624114 1.0617407482337595
9.8533403593085 0.8788998841013641
9.85476114042038 0.9550650375824359
9.855141055356277 1.040686796558739
9.85738192838687 1.0967411399239375
9.859696446798262 0.9040626710802054
9.860459113347689 1.0224683076320034
9.86127177139177 0.9276950749469065
9.862298989590673 1.026800362836385
9.862466119663548 1.0748558811864146
9.862555765073546 1.0826124194409135
9.862906860388366 0.9683726296509588
9.86323741922746 0.9196229748346966
9.86343861315838 1.0882136864618341
9.86396936287983 0.9175640198903808
9.864243363979197 0.8902532907030499
9.864478900034687 1.0928707554937023
9.864673037842165 1.1196539824279903
9.86482537694428 1.1245112801783566
9.865186000261165 0.9253343437299021
9.865457217281229 0.8859307414434571
9.867761360989373 0.9667012324995399
9.871037203999723 1.0378985681503956
9.87344748421562 1.096075869684822
9.874339703386953 1.0951534167527395
9.874914924656412 1.0600029738270842
9.875738458583562 0.8943573283766995
9.876408218854825 0.9804215193600475
9.87769207240145 1.0492614887829725
9.880804624015681 0.938427942498063
9.881808486200548 0.9737048008367407
9.882531410630692 0.9942402119211474
9.883407865177128 1.0692501990602794
9.884282473237999 1.0024523358421054
9.884864280555137 1.0146804619363576
9.889323854178421 1.1129653749606578
9.889908400923687 1.124585217443746
9.889937335947627 0.9295056078795333
9.891427876940277 0.9049033449195871
9.892390044856842 1.0255923975882841
9.892798094005844 0.9556465828552458
9.893190618606848 1.0612208587950724
9.8944848784749 0.9780446499055259
9.895467961949494 1.0765525248492136
9.896183575118126 1.0043781843391968
9.897457614752707 0.9469150607913637
9.897466946399506 1.0512375140268473
9.898210735997973 1.0457113481816878
9.898726702912052 0.989068873374722
9.898971958012854 0.9863425693104664
9.901760317712423 0.8935073073493262
9.90233973046923 0.9589806012718011
9.902889386115888 1.0737520077067106
9.904085845915102 1.0686043425793177
9.90514165358414 1.1195552397030244
9.906100073471459 1.1097267099913315
9.907509591276229 1.0901848578310995
9.907950684039415 0.9960539163333323
9.90851979424094 1.0071199820413437
9.90891598506747 1.1027614082913424
9.909489409059091 0.9854635366321511
9.910311467941316 1.0464033013409748
9.910506552364792 0.9853116986897683
9.912859767145308 0.883116630809617
9.91332557089276 1.0217078652853988
9.91449757887339 0.9191794347771636
9.914736260400487 1.1097763343988802
9.914889787642478 0.8965620151461375
9.915885332234264 1.0171317524455876
9.916188751534417 1.1052777191095193
9.918245472183662 1.1233321607439535
9.91976389895184 0.918106347122094
9.920462081394751 1.0756276922170653
9.921011234469042 1.1057213188074089
9.921298684397923 0.9109895436465335
9.923392092317881 0.9952373586596674
9.923406552283915 0.9107017142490657
9.927100911084354 0.9387234784080704
9.931157892843492 1.0673694243643452
9.932032541362897 1.109962065920321
9.93252838940258 0.9560764489996686
9.933339047050668 1.053282344417507
9.936219695775776 1.0216273791062516
9.93630418055734 0.9600525450368403
9.937518090267659 1.1105964627451543
9.937939023790957 1.0243945905788538
9.93853280412697 0.8762768293040724
9.939378603051907 0.9985619609034068
9.941425254005974 1.0957126230004754
9.94205845909168 0.9315015936109593
9.943261339866 0.9140370026888933
9.944784925416903 0.9739265169477276
9.946849138403275 1.0846140130818527
9.946968313634198 1.0763557482512647
9.947121137975444 0.9802672115613453
9.951195354552441 1.1180956513989695
9.95130761394305 0.929019977971274
9.953215792457273 1.0432975480870015
9.95464243195544 0.935759645635739
9.955478757448297 0.9003077638634889
9.956081062114 0.9457728504342926
9.956551716639597 0.9833232278377401
9.957748171127959 0.9461663840186064
9.963385660562945 0.8937430027569816
9.964615695014228 0.8863687444758854
9.96590864928759 1.116538329668004
9.968215895136046 0.943691028861975
9.971618515415651 1.029831022306801
9.972640202268554 1.0633506438638773
9.97308715537556 1.1218907220567795
9.973790523490283 1.1180370741970589
9.97553746945475 0.8962557636120411
9.975739610759238 1.074644312071235
9.976704604990578 1.073770484326514
9.977179352378657 1.0111467351729226
9.97879121994158 1.0832609081225644
9.979127588292492 1.0720932069537017
9.985730783225685 0.9013802970776659
9.98786745200987 1.0581148786302819
9.988858906333755 1.0515498195292146
9.988972360405267 0.9167678519098281
9.990794373129138 0.8873745776911424
9.992158428859604 0.8832726617127861
9.992404792889845 0.9586387512447101
9.992580159952333 0.9007833308712205
9.993033530641604 0.9403445695959197
9.994352626450377 0.973175494546482
9.994776556493003 1.067024723899204
9.995195530678043 1.1025417235555877
9.995985694466654 1.0032151913660718
9.996179156070552 0.946675799058837
9.996371840457956 0.9481666089029365
9.999061274924061 0.9504812382220003
9.999282812790359 0.9668335588842445
