RA DEC
319.9454647448717 -3.9328439939819972
319.9461699870478 -3.8848230797019645
319.9481451542139 -3.987312668512578
319.9483563183152 -3.9745341192084696
319.9486338666027 -3.902735330818489
319.9510637779269 -3.91738875396882
319.95219533906106 -3.9119491040686976
319.9524648450854 -3.898755633412464
319.9553532566637 -3.901463505215827
319.95554162979465 -3.896110705662852
319.95563373685894 -3.9587402459179684
319.95790430251554 -3.977844600344812
319.961945816939 -3.9590457284621072
319.9631478174644 -3.932705833786956
319.96621691021915 -3.927408212475511
319.96647832220594 -4.0024932646601465
319.96809082112077 -3.998308237192818
319.9684137261828 -3.8934037289046795
319.97346076967546 -3.962867106119579
319.9752370234815 -3.891107383854972
319.97672425271173 -3.980184479967846
319.9776242116927 -3.9001052314807487
319.9780217350653 -3.9305432476184725
319.97827540189877 -3.918384678054385
319.97932567830395 -3.9271160472215945
319.98088947063417 -3.9107400800963825
319.98099209345474 -3.993285731633563
319.98170459709405 -3.936911626250232
319.98270107203626 -4.007051124343065
319.9895906767278 -3.9602541342136015
319.99184644722476 -3.9272954817849492
319.99309654525376 -3.9302769757453966
319.9948046597514 -3.975592273157262
319.99709203347885 -3.975552330407192
320.0011693617279 -3.9720782049978007
320.00191826658937 -3.9633477007311884
320.0056497254916 -4.018894289018516
320.0061466588029 -3.8903626270948104
320.0068439165972 -3.900048974095674
320.0071318262256 -3.971220332595935
320.0094065739202 -3.936256172628574
320.009979795077 -3.9811832598832133
320.010232695332 -4.0223362242739125
320.01151692548075 -3.966355670340305
320.01592758108376 -3.8814193347215444
320.0176008736206 -4.011233670520872
320.0202775337145 -3.9410128540731324
320.0229888727594 -4.00756733405734
320.02313962138476 -3.9012897594830362
320.02332346064026 -3.9101258713643126
320.02411691830116 -4.018031241353762
320.0264889480583 -3.8803843339935975
320.02786320995483 -3.937429058559014
320.0281499598823 -4.020803105035578
320.0320038446535 -3.905317100360316
320.03290623809613 -3.959525523047916
320.03423614191615 -4.033407182165084
320.03604002521183 -3.9722120055385743
320.03770048642025 -3.9794898903297096
320.03848747329687 -4.032451821924254
320.04052085855744 -4.014040873936962
320.0405995223276 -3.8795565553652263
320.04165703176966 -3.9228827246049303
320.0432024616399 -3.8952283151424942
320.04620213911966 -3.887291116158574
320.0466579323776 -3.8979721832642045
320.0478257616837 -3.9016758549174195
320.05389747652566 -4.017184482954289
320.0540821372299 -4.022413582968648
320.056825813215 -4.004292730568032
320.05754362432856 -4.0079092891706685
320.05790454430155 -3.9304230043489725
320.0606293809377 -3.880324605751312
320.0607881946042 -3.9289478312612323
320.061171543479 -3.8848126272122077
320.0650116820575 -3.962018644829271
320.065453077383 -3.876605816184861
320.06559210908455 -3.947044803510625
320.07043193936914 -3.901443621368071
320.07048063124984 -3.975637289304963
320.07382887415065 -4.026576859320278
320.07483958409836 -3.996243885026511
320.0771174356374 -4.000041372982671
320.0792999783127 -3.918144086995398
320.08630053924594 -3.966836379397731
320.0876939156612 -3.913944858094531
320.088297400329 -3.910440884855646
320.0907374793636 -3.8922576102764053
320.0963581293932 -3.9339845858565194
320.0968729395807 -3.9217088034234893
320.0981122109041 -3.896824048771048
320.09819482178966 -3.9566442107960205
320.09944044705014 -3.879159155049133
320.09980304906594 -3.9108567158643606
320.10590386264045 -3.9536389744460494
320.10876483298614 -3.9027521800337293
320.1125003759919 -3.954429539592085
320.11347516418846 -3.896751330140187
320.1155479513435 -3.9868608341131817
320.118771070969 -3.930145924106967
320.1202741766661 -3.8894635157336968
320.1234733051499 -3.891072822638828
320.1252581326051 -3.940255632312543
320.1258397561089 -3.9233274713432027
320.1260537764656 -3.926405837523444
320.1305871644924 -3.896187973519882
320.1320811763423 -3.894779687541034
320.13657370718767 -3.9696169938820667
320.13973226410036 -4.001021536565199
320.13989722123654 -3.9428479567722254
320.1439941422132 -3.885892692517862
320.14428054189364 -3.909565134817097
320.14494966382637 -3.944399956738224
320.14848909038795 -3.9561498689217593
320.1502308862085 -3.924175136697382
320.15091471609395 -3.898234693174561
320.15187775865246 -3.968823640626376
320.15345123395844 -3.9013412491465127
320.15744418112445 -3.925869782154531
320.1584280921858 -3.9791604421252793
320.16037710896506 -3.9185482459210625
320.16971795721224 -3.8822621872237915
320.1735229753714 -3.910270977328139
