RA DEC
7.581014585368665 8.438316429440523
7.582074613487595 8.385490754026533
7.582366517726918 8.459194431027521
7.58272608756755 8.433879457889715
7.585335839367654 8.410434004929243
7.5853603043724664 8.452389545621644
7.588245233783938 8.394691154403668
7.5896897408666195 8.444560833978032
7.59016015969087 8.375953134783902
7.591865974925467 8.41520039561695
7.594696968672174 8.391454190653018
7.595708375894067 8.421895879971817
7.597175599577403 8.495937132892493
7.597329130088502 8.404998555775926
7.5985162072470365 8.434264242770753
7.598795302971637 8.475188708091567
7.601189629276124 8.415168343870189
7.602468367523489 8.397806989811144
7.602693720251516 8.454895475977683
7.602980079282737 8.470691780953693
7.605230286082282 8.482168859205384
7.605697120875347 8.42953151628919
7.608290712216012 8.555935712086487
7.608963180168594 8.403205713127694
7.609338821699342 8.487382191158975
7.6113529684646615 8.435278287240946
7.611703907543247 8.452694765463105
7.613833351895404 8.385993990936237
7.615123857623563 8.570313526686348
7.615818000190569 8.415095884342461
7.617363920239085 8.469911593488982
7.6177258373268515 8.376297342990254
7.618953867419788 8.471607929367266
7.620167377560249 8.568727329575385
7.620590847133252 8.37710326529136
7.621259984263245 8.396512040401527
7.622973585037174 8.551759249588345
7.6231356153363174 8.471173894092413
7.62537710843772 8.574349961378314
7.626970828378273 8.405974332075708
7.629158925081736 8.584794411101484
7.629902284578111 8.531721586430383
7.631913408272302 8.458163362638723
7.635116827225348 8.596103202703388
7.6409519806566335 8.39933698164479
7.642861349089276 8.52477566082853
7.649118258489483 8.57038149301459
7.650631052747992 8.592460548392946
7.650751702372977 8.431808049597466
7.652633179409207 8.606333839916905
7.655651324777605 8.591198112975393
7.657749741974776 8.588552609069096
7.6580296436239506 8.516971103261968
7.661430122819606 8.399334638955231
7.662132267606673 8.447911894871527
7.662970531624212 8.513911696535647
7.663711946237854 8.488590591332844
7.664613149777134 8.468921742115086
7.664636572487073 8.473921635445707
7.6666513757542125 8.444080477996392
7.668307433164142 8.466380565150077
7.669310029225112 8.509847579902445
7.67283202565527 8.569595506914643
7.673171070910118 8.448446672583323
7.676961375379981 8.501337121065502
7.678264974481829 8.472988612104729
7.680159410282104 8.451700614793642
7.680889920715001 8.522866783794086
7.680920026728999 8.56789980228405
7.681792521589221 8.384987977270379
7.682347823026807 8.493447640442321
7.683736233254855 8.52279567088533
7.683779320768145 8.420004382866598
7.684313504265171 8.448867227229782
7.684374179551933 8.504434865288898
7.685254097917554 8.407554823883792
7.686086269772105 8.566039315628402
7.687780460015905 8.48782459424372
7.69065376124022 8.444997385336968
7.691545295333935 8.461591207762643
7.69342518587676 8.527115546445206
7.694351323543302 8.550100135036082
7.694900033239487 8.479884328250984
7.698061425901533 8.46003588234078
7.701582020256842 8.569178288882602
7.702226273869591 8.528290295267563
7.704763105137864 8.493824825112792
7.705535946828768 8.39929337936433
7.705678407427706 8.421991731376004
7.7086350605828295 8.533257697243384
7.710661367400143 8.488029892230989
7.711622097217337 8.443252214136399
7.712376138834648 8.536921644958603
7.713075593292063 8.510113760712978
7.714426674086602 8.509297171710616
7.715908183547795 8.493693701279428
7.718318442668777 8.486225659477244
7.718467341318955 8.440722414048134
7.720155040627289 8.510066657870993
7.721728847046685 8.585083132333871
7.7295452027320835 8.468069113466747
7.73133090599877 8.476137992762629
7.732156469511499 8.525474241511908
7.734606876834994 8.566234539820087
7.738927357334097 8.593604660756267
7.740675919133098 8.47443473900607
7.740756868717338 8.562008301816274
7.741107842646469 8.522701799718002
7.741506128849921 8.515970010079394
7.742512959310991 8.397384584989917
7.744070034275168 8.54553610544694
7.745128428381062 8.58668937036434
7.746380965339359 8.386802508657658
7.746634466490092 8.61147629254043
7.746982315570284 8.384676130013245
7.751025117938593 8.43903020848554
7.75261924356796 8.40140102418914
7.752939723956189 8.449514986799347
7.753183029100134 8.506275635751793
7.753621731493612 8.5772643480728
7.754511315598147 8.4639427448881
7.75478923350204 8.565400346037514
7.755597079348212 8.563209106128568
7.756869043617447 8.490206430538485
7.760066758302683 8.51460249955483
7.7602921205118784 8.49865330696301
7.761268365059261 8.566172141927558
7.762177919688488 8.592775515105062
7.762235883969797 8.548624916115553
7.767232285207457 8.5604120702659
7.768346564868171 8.509894655367287
7.768650505111181 8.456568004187119
7.7696826225508895 8.44809153346559
7.772823752227786 8.560108682135604
7.773739801423798 8.41660876863906
7.775663348520077 8.400592295177438
7.776243456874069 8.593035915004466
7.778535659960008 8.439600227030866
7.778592970529212 8.490432693998994
7.7823798673877365 8.407413245607817
7.782502688932061 8.446561607820819
7.782837266162061 8.417917477483389
7.785449451059627 8.543708488845036
7.786246788528493 8.52366674364359
7.787050023268432 8.542874074592312
7.787210424639167 8.448927639875441
7.788434498479887 8.581629033395084
7.78977442055869 8.591689602467172
7.790033820855774 8.387343588030314
7.790927592593223 8.590585331531823
7.792183068159955 8.545178592797892
7.79363329364229 8.49436214803229
7.795687174511151 8.389662696726836
7.7972480355197025 8.542661785290598
7.797661695588876 8.539843993988923
7.797997720785164 8.418408970135765
7.798174893615334 8.43572946559555
7.799278270409874 8.510532313625536
7.8027612020640245 8.553099725947812
7.803785580251199 8.462046063328499
7.803886632132606 8.574378329919035
7.805910748127343 8.478091401820473
7.805999079531462 8.502006270815553
7.806038924364941 8.45570960564971
7.8062260050834205 8.552610895420734
7.8063164609798035 8.383785859063735
7.807587864215674 8.542852087634094
7.808892081733918 8.437797425893917
7.809274370857469 8.550076278106962
7.811189442387578 8.416081919764242
7.8141128884 8.606716307040278
7.817632845493016 8.509053231684238
7.818247924132288 8.431545278752031
7.818661407643973 8.518512788118167
7.8192232579108 8.467702955714767
7.819280899487542 8.560049932613955
7.819768540558626 8.444747725850176
7.820431149163122 8.449313572223904
7.820655825128712 8.47362210916636
7.820676421979253 8.584165004480184
7.820717678433267 8.5819114149591
7.82484398396653 8.600011108702336
7.8254180788350505 8.453016362595621
7.825769226220579 8.414474676123456
7.826317720002722 8.544931943201775
7.826398666752919 8.410655133025088
7.828226979545465 8.504243900797286
7.8290318756935875 8.422080879906405
7.829538418965557 8.45495493449206
7.833979943415111 8.501880778611786
7.835191224733999 8.556545306326415
7.835953965104523 8.381196674881528
7.836201873786994 8.5642750362421
7.836441515389226 8.54770333636745
7.837128409466415 8.434284168925293
7.837213521804867 8.404265776523985
7.8376148800632155 8.444594830490615
7.83785045375592 8.425853310769678
7.838771262403152 8.496352853432018
7.83925580076399 8.484105417447246
7.839480050379171 8.4736936410046
7.839600191213646 8.543158574571097
7.842287200033255 8.471930183590713
7.84285552849098 8.49635424016766
7.845732183149567 8.460632437796058
7.8462699889374035 8.394860363497013
7.846702170361529 8.427023923277996
7.848212868500293 8.561822396713241
7.84994901820738 8.459943384008934
7.850383303291969 8.553395598482911
7.85104881986685 8.448486162961208
7.851478414864284 8.531270412767723
7.85413261926357 8.421824099589754
7.856173269992945 8.509801620337152
7.8568763468947305 8.573902598333774
7.857263176235098 8.477016115770507
7.857936515523839 8.571128153686233
7.858600598443714 8.523515143997608
7.859016242115501 8.566441475855514
7.860327001000761 8.431811062738024
7.8626864453255525 8.511669338616576
7.864660360828598 8.563637351741903
7.8648604204318815 8.584181924542818
7.865250804080129 8.443300483261995
7.865535552962293 8.404434645664278
7.8658196814145205 8.560722439214059
7.866416729946868 8.501308557505261
7.868491275071986 8.42659588296945
7.869481436971395 8.443011310368902
7.870234354061307 8.442965372100893
7.870501910003653 8.37516700253544
7.87187421759253 8.469329384088747
7.874058363197353 8.532763700843564
7.874220263646414 8.623312257654025
7.87472056089138 8.616619917561163
7.875850937003143 8.57526872271458
7.876341769594135 8.614033538354288
7.876409565722502 8.434395750181327
7.879833464926765 8.479220761285664
7.884044878348368 8.47919558525078
7.884495747205353 8.620905939877344
7.884690563481278 8.437177784356003
7.884941070562872 8.585046897022645
7.8857896082254975 8.581924284346522
7.886182382607265 8.433099575159497
7.886817076720978 8.532342093484612
7.887471301252892 8.479263488838951
7.887893114586044 8.602317350774731
7.888801568136226 8.493835369892622
7.8897781509420035 8.604031368605572
7.889897840666413 8.418654667146772
7.892832499360012 8.476007924355258
7.894211559160468 8.563979666895506
7.894458711081343 8.585106383739934
7.8976910759406795 8.396142095754064
7.897936715390607 8.607741363061226
7.898543661431812 8.587135755250253
7.8995281536256785 8.594948544503763
7.902369730900201 8.610378023681793
7.9034293217342215 8.522541462758637
7.905017360136842 8.417186527198094
7.905161858191734 8.401792517062253
7.905999897442723 8.547833824466183
7.906703021288351 8.498794435863184
7.907799048984616 8.531154118029374
7.908008387883258 8.566474927039021
7.908036136804168 8.567041616450156
7.908839630655353 8.470457345383513
7.910137790688975 8.434044688660732
7.910980508906069 8.449471010604041
7.913184942074835 8.58452710574552
7.914745154138779 8.543707143586188
7.9152365521538 8.4306866824407
7.9165322312651245 8.481611020888282
7.916691167984674 8.57193222064327
7.919082661154729 8.525787774540989
7.923608556325802 8.423742376341346
7.923662951021927 8.379384201027577
7.925422966256221 8.409808123033175
7.925537883976784 8.383586801547182
7.925819982798314 8.623167033731077
7.926389718554933 8.461801941441419
7.926672648467 8.421016656845772
7.928896930720599 8.416544799460741
7.9309395783419845 8.528475682247416
7.931081229196478 8.590926182073263
7.93217639797283 8.489530465604032
7.932338699881841 8.590681950757629
7.935088422512513 8.565826663235162
7.935860206441392 8.494001277344786
7.936726513803798 8.464369151965908
7.937033434439411 8.507789545525725
7.9382822376255415 8.555919676709483
7.9389455496105805 8.512023056072099
7.942024780792178 8.425408886272049
7.945712461390468 8.418139274648633
7.946149944683748 8.509824140533645
7.946195554656205 8.605453286732013
7.947572956984306 8.617477108616582
7.947954846601317 8.384638766362132
7.948499321901042 8.519470352475809
7.950491419683117 8.486494252638181
7.951042400656953 8.415929756687994
7.954553832231095 8.40487991090419
7.954846365798009 8.50043844119554
7.957235957288107 8.606065477058412
7.957605972958767 8.589542379269425
7.959323330265276 8.510319494897155
7.959372961687456 8.531217554160266
7.960531966014639 8.404476602277331
7.962385866236293 8.424961922352656
7.9635247393174 8.397282405638421
7.966420195678461 8.493680096420189
7.9674911126852175 8.554089342487694
7.970409093407839 8.450169842362595
7.971305156499452 8.556587165937346
7.971626778581286 8.594789179016406
7.971637004235489 8.554436793379326
7.9748011527078 8.411351708996397
7.975607766989765 8.48658528356711
7.976385088891499 8.392611576138558
7.978675156520045 8.586454090235385
7.979150464884622 8.578628258940164
7.979298920481987 8.530519862056149
7.980923926700659 8.50962412311138
7.981107387572598 8.499931990169104
7.982513971216253 8.474297328763674
7.983005027731374 8.592988174232882
7.983587907470494 8.519207541621151
7.983769576129095 8.575528537399576
7.984001776051866 8.446639347526348
7.9847894217674815 8.530859274079653
7.98515074324542 8.567967289978053
7.98624810380701 8.418881297915428
7.986391246905 8.48915029799044
7.988832249072393 8.554913189655046
7.989920502562501 8.536932261638617
7.9910438556893135 8.580092771537444
7.992678809025879 8.493410798265819
7.9960214523501145 8.400422889299845
7.996277908975249 8.435203203467635
8.002335065611593 8.581611888456289
8.003067271572906 8.470610097592164
8.004342552054016 8.459010544709418
8.004502892695728 8.448349814769903
8.004557501117652 8.476226661953124
8.005407576964338 8.571469679014792
8.006191606763416 8.511774225368525
8.008334328033483 8.413950153971928
8.009832425716937 8.617827524840497
8.009937462580139 8.62190427336485
8.01002056686607 8.607044575944899
8.01033386420951 8.385772849030834
8.010442721279668 8.402726714376364
8.011082510967725 8.533927031740484
8.012771840206256 8.472341786427986
8.013666089747778 8.477646088017096
8.016116650933629 8.572866680374808
8.016138664521664 8.562305669484275
8.016775736113976 8.53723531971512
8.02002222733329 8.405788917201317
8.020418790034645 8.382766264878283
8.021435949730192 8.598639213040396
8.021684405387205 8.398531453692119
8.023101317493538 8.499605885900632
8.023963021380542 8.423668061882639
8.025085858007031 8.55660689872316
8.025202069685136 8.599279383576867
8.026553956711687 8.536430585634507
8.028100136972776 8.470933966233952
8.028289455833578 8.48938096368892
8.028368668419294 8.406276730854987
8.029541825157379 8.511592506744813
8.031243160934192 8.533747135133096
8.032009560514972 8.510279330277108
8.037224764400339 8.620529705598642
8.038914760879925 8.536494075534963
8.042609115224472 8.455495642398361
8.043528120799136 8.41837432185129
8.044445048027601 8.593342841897623
8.045954804994171 8.508331184001532
8.047069866595342 8.549473418916737
8.047120650500869 8.433690934087657
8.049231309699122 8.539331518037377
8.052527845276607 8.618453446336082
8.05428574770239 8.564806265704908
8.054451263316096 8.474588527275252
8.055563866320378 8.481853546668829
8.061756195820294 8.490941609487361
8.062452546666298 8.541471924079188
8.064053166781635 8.575697645045251
8.064303399754268 8.578840443062486
8.06431449203796 8.563038415106279
8.064860288619172 8.416356360028411
8.065338822655983 8.395127264874963
8.066537698338681 8.521884563282564
8.067549572685618 8.41342681264513
8.06770813856554 8.427628125978062
8.068911832233278 8.518161913568976
8.07018943131137 8.561638315380304
8.07126918602241 8.375495258961877
8.073307096193851 8.540044199156577
8.07366852938394 8.580442127578243
8.07590818835282 8.575465289336462
8.076884522512366 8.444757394088956
8.077417486998629 8.375487548521189
8.07831076016822 8.581442170401418
