RA DEC
319.9486338666027 -3.902735330818489
319.9510637779269 -3.91738875396882
319.95219533906106 -3.9119491040686976
319.95563373685894 -3.9587402459179684
319.95790430251554 -3.977844600344812
319.96809082112077 -3.998308237192818
319.9684137261828 -3.8934037289046795
319.97346076967546 -3.962867106119579
319.9752370234815 -3.891107383854972
319.97827540189877 -3.918384678054385
319.98077179975024 -3.904766811937107
319.98099209345474 -3.993285731633563
319.99309654525376 -3.9302769757453966
319.99530884973854 -3.952862241318771
320.0094065739202 -3.936256172628574
320.01151692548075 -3.966355670340305
320.0118322995989 -4.015161033345608
320.0193319599078 -3.940872929378085
320.01936030709675 -3.9047592271618887
320.02332346064026 -3.9101258713643126
320.02411691830116 -4.018031241353762
320.0281499598823 -4.020803105035578
320.0320038446535 -3.905317100360316
320.03290623809613 -3.959525523047916
320.03511030916127 -3.9011225951521324
320.03604002521183 -3.9722120055385743
320.0364397864813 -4.027119338189123
320.03734276433806 -4.026144215308153
320.03770048642025 -3.9794898903297096
320.03848747329687 -4.032451821924254
320.04052085855744 -4.014040873936962
320.04165703176966 -3.9228827246049303
320.0478257616837 -3.9016758549174195
320.0512760103078 -4.024022642904305
320.0517362096035 -3.9946578662150083
320.05754362432856 -4.0079092891706685
320.05790454430155 -3.9304230043489725
320.0606293809377 -3.880324605751312
320.0607881946042 -3.9289478312612323
320.061171543479 -3.8848126272122077
320.06215936344364 -3.945808510577586
320.0636069925319 -3.886220792914849
320.0657187859229 -3.950274012159805
320.0687073552766 -3.906851721117655
320.07048063124984 -3.975637289304963
320.07483958409836 -3.996243885026511
320.0792999783127 -3.918144086995398
320.088297400329 -3.910440884855646
320.0907374793636 -3.8922576102764053
320.0963581293932 -3.9339845858565194
320.0981122109041 -3.896824048771048
320.09944044705014 -3.879159155049133
320.09980304906594 -3.9108567158643606
320.1034184238434 -3.949844068352362
320.10590386264045 -3.9536389744460494
320.10876483298614 -3.9027521800337293
320.1163542977583 -3.9609610957139196
320.1202741766661 -3.8894635157336968
320.1255927330513 -3.913758543473097
320.1261959143527 -3.9946828623317923
320.1426825001775 -3.9566696409432156
320.14494966382637 -3.944399956738224
320.1502308862085 -3.924175136697382
320.15187775865246 -3.968823640626376
320.1584280921858 -3.9791604421252793
320.15846443659325 -3.9216505032303486
