RA DEC
75.35850043277819 -4.182993390806046
75.35892181361766 -4.157234388479926
75.36017954852028 -4.3214100326671705
75.36054206886818 -4.257917302851959
75.36152825510027 -4.298314253836979
75.36437150879935 -4.358836087700617
75.36474321084204 -4.174557240754632
75.3672237817567 -4.15493054263699
75.3680725568877 -4.364459528049582
75.37194023008178 -4.211662153842763
75.37439033027171 -4.1464791836170045
75.37475634480185 -4.221405600472437
75.37538434012848 -4.188830221547056
75.37564296802317 -4.249815910713254
75.37575148638803 -4.185794187198546
75.37640738835985 -4.176944883254595
75.37836652478563 -4.2232526200376395
75.37837635048284 -4.246312237574757
75.38162478052676 -4.152834657764871
75.38186538926414 -4.36728989794501
75.38333043172838 -4.263578479022063
75.38367682022421 -4.202321482962361
75.38382161460389 -4.163103253175903
75.38486337865982 -4.185548135950872
75.38544284119828 -4.128535925380394
75.3863562125197 -4.18135247752992
75.38848242740049 -4.267674944094437
75.38973733884747 -4.301092805914529
75.39171040508592 -4.181574315149663
75.3917167716905 -4.316704690386731
75.39305999427391 -4.34326059944253
75.39347377467459 -4.247547836713175
75.3943561008277 -4.31313834511671
75.39466010637324 -4.342799908675512
75.39467355344739 -4.126736448149766
75.3959121522475 -4.33228105633253
75.40084847508477 -4.326208672198977
75.40393477367773 -4.130026362154237
75.40499046176899 -4.287880585123978
75.40540177152435 -4.125478434138126
75.40590039362654 -4.360825671595782
75.40639400283396 -4.270542100066865
75.4086165428819 -4.201686800912433
75.40871180490126 -4.216401392551142
75.40903901653631 -4.243458490093084
75.40904229008181 -4.256831815749578
75.41016487700803 -4.305551036317054
75.41406013064804 -4.137544269790603
75.41483163175793 -4.250730065383953
75.41586544585711 -4.253438903219951
75.41649238805023 -4.32643878447747
75.41676329998434 -4.233783935594001
75.41720481064526 -4.2332234870458425
75.42060658371574 -4.320026151196495
75.42357305879914 -4.143030752772974
75.42589838535818 -4.183414880123459
75.42928942256202 -4.250092722359586
75.43056084008605 -4.299330194789942
75.43149022773655 -4.245504552447949
75.43283293749013 -4.181535668368196
75.43366192006842 -4.3740838927888985
75.43482991548524 -4.242680336701498
75.43790049791755 -4.363734030150692
75.44164967549338 -4.288557249169645
75.44193444953461 -4.141813222786857
75.44272647416659 -4.246437004043145
75.44364939192431 -4.306089015588703
75.44534541036663 -4.186106712741632
75.44545809268654 -4.29831006833379
75.447026097593 -4.302366389087234
75.44992329536056 -4.1631298905192295
75.45021171171516 -4.315382773910347
75.45073830079832 -4.361251334958425
75.45157447378521 -4.30850479290471
75.4525685868 -4.125569142883817
75.45315687939757 -4.2428108257425
75.45381834042891 -4.171812640092106
75.45522348654862 -4.3615764687775345
75.45835015279789 -4.344133343621308
75.45870957179926 -4.213890102290135
75.45939684843756 -4.226770748519051
75.46041319321432 -4.357927422050075
75.46264390659842 -4.208460286586765
75.46430095342515 -4.20512576090734
75.46437572244834 -4.146184133367327
75.46726945058427 -4.286233061900835
75.46901909906283 -4.32782093632801
75.46931373440567 -4.211338996424827
75.47033236671103 -4.258298735200862
75.47155087943855 -4.304435637368042
75.47516685013517 -4.179048862967634
75.47551651746231 -4.370757302601647
75.47817665501205 -4.275916121633369
75.4798982677882 -4.249519511448759
75.48059715679217 -4.313423090547907
75.48234829438947 -4.200828781895026
75.48288284121145 -4.372124091409031
75.48437085892024 -4.322480225827974
75.48501090595575 -4.222418308870589
75.48557745488789 -4.324525495859628
75.48652071838686 -4.331391203427723
75.48668308333804 -4.363905900265303
75.48777759223432 -4.2449707559916865
75.48981566602978 -4.339536802318774
75.49168995926087 -4.3185848279748775
75.49272778527681 -4.199544063903351
75.4929134848075 -4.147634496611493
75.4943657168809 -4.172187315930287
75.49440955401084 -4.212155977245188
75.49548286178603 -4.172798159035522
75.49702497939404 -4.334843035898463
75.49806683948167 -4.143368994994485
75.50025039740468 -4.245387408437699
75.50112504260096 -4.261152830645132
75.50364980977177 -4.162881717170789
75.50568899930344 -4.308032732303079
75.50683331903515 -4.366477166646829
75.50806649692898 -4.290388044344307
75.50936872753695 -4.159128027010768
75.51257674091268 -4.30725088797313
75.51378577916783 -4.3127064051063915
75.51845444328761 -4.186623430859686
75.51907629841777 -4.273533036674779
75.52052617746361 -4.283024413078619
75.52171623605341 -4.20348328965905
75.52240656598886 -4.211475883689807
75.5238344466144 -4.303220043648142
75.52744784414246 -4.334223431115351
75.52824240295585 -4.305551591364379
75.5285512578277 -4.2084024964299145
75.52862048288006 -4.363071947763284
75.52956655533636 -4.31417601529434
75.53009729838625 -4.242733773697276
75.53076600698915 -4.221318970892818
75.53247415534987 -4.300929177011898
75.53262421312766 -4.3321444535887315
75.53487797068416 -4.3061862283351084
75.53882738251109 -4.304808396497313
75.53974592649853 -4.313523379215367
75.54132984551174 -4.22110919247163
75.54284377444593 -4.2516033508034585
75.54300923297005 -4.146600325442766
75.54420926026712 -4.334504248867246
75.5446165671818 -4.128980321558072
75.54671712611145 -4.287096175252578
75.54935580946177 -4.172436013207353
75.54971291620816 -4.266924608122499
75.55200283727095 -4.295409570410399
75.5520181349221 -4.170799625574127
75.55393979842368 -4.358794061935751
75.55580243981062 -4.3624288526584465
75.55658852900584 -4.213852207247706
75.5574785824221 -4.330684823403635
75.5578052587009 -4.299153712606568
75.55987908617642 -4.310101462621347
75.56060430148983 -4.158583266969188
75.56531815555692 -4.220826649369441
75.56808421518407 -4.221217458102154
75.5695014548536 -4.273577955789905
75.57303969731002 -4.3168462978722335
75.57378632560274 -4.35818465598882
75.57608948006036 -4.22971806597056
75.57642346770496 -4.328469973721945
75.5767936870095 -4.200702031984617
75.57853294467408 -4.2893264713558885
75.57870855734626 -4.269103490201236
75.58006509262101 -4.169387813392685
75.58019419123944 -4.2814984806339496
75.5804356593791 -4.149759498147993
75.5810892008288 -4.191375151358725
75.5816677120856 -4.330497474046228
75.58260450362987 -4.267005248083473
75.58287542953417 -4.299202315597398
75.58332290939929 -4.236624770570615
75.58358438860684 -4.133379909585095
75.58385550930305 -4.330381043404295
75.58478533165906 -4.151519609294675
75.58751641198717 -4.324794452747392
75.59038654344211 -4.140360071705592
75.59063306570161 -4.31313198549405
75.5914439634634 -4.161793793690553
75.59226942601363 -4.317131287550134
75.5930199572829 -4.216798100450616
75.5942414094243 -4.1770421350051885
75.59592107892068 -4.274532719185281
75.59720243971144 -4.1479157245876825
75.59733709331016 -4.245485022440597
75.59772728752678 -4.155610986319855
75.59796926356194 -4.140138607556696
75.6013417204761 -4.34889204019754
75.60149315307017 -4.339741193759452
75.60200262836194 -4.2885877267654795
75.60251981052276 -4.169713488734768
75.6035197051643 -4.13174355378224
75.60500211531743 -4.2832755117077985
