RA DEC
32.19861621626927 -10.117909609503512
32.19908831038964 -10.10514253039181
32.203178749251464 -10.046523899379876
32.20380770996167 -10.079045747274868
32.20576441833796 -10.001707960002031
32.20818700719331 -10.075206290480311
32.20952843372502 -10.075501260970292
32.21056411778552 -10.043883972070509
32.21176494986278 -10.093611537311872
32.214425111545886 -10.109841818739831
32.214724446758325 -10.114357867733318
32.21666627187652 -9.992093281267689
32.21893268958637 -10.087520221882684
32.22175388044455 -9.967175829646896
32.22257225958792 -9.975820333404885
32.225162322128725 -10.065105260083712
32.22798209234565 -9.998444973960938
32.229243579762795 -10.058026951213973
32.23023107693872 -10.063956826735957
32.23054177143542 -10.053426549776654
32.230602291956075 -9.995474448724158
32.231510545448685 -10.018141468582249
32.23152174115333 -10.105501580907701
32.23320866383253 -10.02312854814905
32.23597698635499 -10.000889595948081
32.2360903375895 -9.940104935050762
32.236639738263996 -10.11263794736419
32.23699450431936 -10.008430002829916
32.237026583999764 -10.105970082672004
32.238086666924275 -10.043271427795645
32.23811649760591 -10.068764344057923
32.241490126939816 -10.015732473291992
32.24295547885373 -10.056630602690305
32.24339729248525 -9.942634808793416
32.24544535528092 -9.960391894318139
32.24801064429726 -9.977992123364727
32.24882965276054 -9.987059396061099
32.25134216231817 -10.012031607374587
32.25605985114748 -9.943439613727513
32.25613502599862 -10.01239236600168
32.256301024522976 -10.057906906729349
32.26047153361529 -9.98051531438223
32.26545067994623 -9.966949343808873
32.2670009631263 -10.00732383057852
32.26923652959739 -10.010824012158968
32.26961342220883 -10.005936813604572
32.26970112255466 -10.046342889400234
32.270031707781214 -10.010182387111431
32.272066566202184 -9.918430690557097
32.27366017418487 -9.971336700256865
32.27496516420578 -10.051370697353704
32.27904960754495 -10.059706618208871
32.27962117263324 -9.983403011140965
32.280122592815324 -9.928892863444046
32.280584629000785 -10.062063722993237
32.280920586050776 -10.090423342382513
32.28257384780628 -10.050466117967751
32.28438389463316 -10.018470066528113
32.28499426489636 -9.929781224096429
32.285514939690586 -9.914573348174992
32.287503173413974 -9.97551006381842
32.287864852715124 -9.912155225794992
32.29737193053184 -10.105212615074247
32.29761587206154 -9.986129632858301
32.298063876228866 -10.010715485550087
32.299446877450585 -10.039994804831222
32.29999594131948 -10.058303151080214
32.30030718242776 -10.071141850846754
32.3006277712464 -9.983474543605563
32.30216382428903 -9.917517987636199
32.305362328980024 -9.949554251908975
32.30538083689998 -10.006531664561967
32.308556194687114 -9.945835867549096
32.30947716762001 -9.973068898278862
32.30966290348076 -9.90909889356557
32.310665133901765 -10.107845062207463
32.31086449333908 -9.915096426605974
32.31109483052296 -10.057993558763718
32.31117181378566 -10.112639443247698
32.31145504761082 -10.002153258718812
32.31378239784391 -10.088146717453625
32.31537875967281 -9.926672260198478
32.31659451836067 -10.122703525900487
32.31703710937258 -10.107623113720752
32.31911273790264 -10.093523518357262
32.31927761766581 -10.090014580741855
32.3205292232939 -10.118429290800345
32.32163124243599 -10.042367252466478
32.3227982427536 -9.921423754042422
32.323603667128005 -10.092236623434365
32.323657122954295 -10.073006771578424
32.32458603907126 -10.01152572614277
32.32765893364676 -10.111569435860504
32.331007055199 -9.95966936802246
32.33169232631171 -10.088477134521904
32.332316608238784 -9.994135800883596
32.33266865415995 -9.91658383762738
32.33284804183153 -9.906024869127311
32.33327862939535 -10.00302529337315
32.33362324049353 -10.019731273900074
32.333795929149986 -9.977491968767609
32.335281729784434 -9.975390578520503
32.33602361865349 -10.00600158247558
32.339532318355616 -10.113582403059997
32.34040654800823 -10.040759066764998
32.34238776637231 -10.119609593132854
32.34343384504805 -9.975204937726618
32.347772805109116 -10.073176419799537
32.34848944435962 -10.003681993878656
32.34880460682075 -9.894908833348259
32.34888355055945 -9.927844980868597
32.34928273763198 -9.904846790309799
32.35106886135909 -10.09166495131874
32.35217294676239 -9.983274745716658
32.35616548278234 -9.924092425007812
32.3571115266041 -10.09098131298984
32.357855073234795 -9.903873240026078
32.36100613812974 -9.9750964377846
32.361901110183105 -10.076274933858887
32.36214135017457 -9.903521866999828
32.36354818505675 -10.079359068406667
32.363986468727866 -9.901531106554998
32.364317617243714 -10.001969656602132
32.36496502078046 -10.083159936114848
32.365167619904895 -9.970302142891297
32.365990867781306 -9.93949484784846
32.36601152207277 -9.972584884636241
32.36900472891982 -10.094225416641507
32.36940743729184 -10.106831442305669
32.37156728815886 -10.081798800583307
32.37191473540946 -10.061333461683452
32.3729412520333 -10.06853709847079
32.37295086632505 -10.067985285892762
32.373013910081504 -9.980098776781025
32.3734199175743 -10.0974227287896
32.37387110672852 -10.002428013497315
32.37397081460802 -10.005572777832297
32.37544970914689 -9.894279703808744
32.37598725515087 -9.949617929769577
32.37608013918917 -9.883876800224579
32.37718115112333 -9.918544145965129
32.37825670184233 -9.92288110605297
32.378595929165975 -10.084603284280627
32.37890911862317 -9.900339676647222
32.38057317161701 -10.107644956743153
32.382405471655446 -10.046555307523963
32.383051881472575 -10.048713910712095
32.383266582867144 -10.004274985309642
32.38408293137521 -10.03637026576891
32.384664166565784 -10.070727185509787
32.38521479126874 -9.958521184192094
32.38525916105733 -10.03523879731883
32.38687004818651 -9.902673781005014
32.387929581851694 -9.997554905528247
32.38858500940021 -10.0754377652485
32.38902324896366 -10.117144402384442
32.392500811430445 -9.992867116746847
32.3930157015158 -9.902932183538542
32.39306930586735 -9.948886733625338
32.39323345098747 -10.106085085956838
32.394799719785766 -9.997140410179185
32.39517780489508 -10.012288617515749
32.39640374930514 -10.062502462833287
32.39734090865741 -10.023865408360837
32.40078002281875 -9.962913861931382
32.40167898101158 -10.056057757126839
32.402817696109445 -10.108069268239195
32.40609296162546 -10.070252586752662
32.40668648769873 -9.95278688698957
32.40709586250636 -9.929017813536056
32.40914428890274 -10.10936626688422
32.41143270465895 -9.927818459785316
32.41248383324688 -9.98868912732095
32.41304063783764 -10.118041110049234
32.41332089955291 -10.042226074341333
32.414721779003344 -10.043259739177902
32.414843255505865 -10.042303947460043
32.41592091172846 -10.084777341917363
32.41611490466553 -9.956015011778154
32.41778562278705 -9.889599326195738
32.41898623294616 -10.056595991578977
32.420160117348075 -10.034357092991607
32.42131874188716 -10.102090518652062
32.42166282802413 -9.977664288157609
32.427726968369626 -10.042848553458583
32.4278605807173 -10.070269543545502
32.42870808001441 -9.98575297500952
32.42870818780137 -10.10126552902333
32.42974050023196 -10.014403052477046
32.43146716539988 -9.89399868744852
32.43161708686666 -10.014205152229312
32.43204811442224 -10.014212689181626
32.43237380229414 -10.122140854667567
32.4323760117647 -9.902537096168633
32.433741404540704 -10.045617719267003
32.43383922469781 -9.889006898472068
32.433873372802466 -9.923119143716892
32.43558705710766 -9.973006659280937
32.43569256549323 -10.033956715113536
32.436343207491 -9.994654057532891
32.43666100008315 -9.9854818741927
32.4368391885994 -9.948816382708923
32.4375997820684 -9.941255746139491
32.440852543533225 -9.924220982390715
32.44182048592277 -9.980430053288092
32.444041310904844 -9.955280619787871
32.44467904912258 -9.9726650040126
32.4467012771389 -10.060475277021503
32.447659793601744 -10.07656678906301
32.448029706692736 -10.038876068489458
32.44820748645072 -9.886009184080532
32.44929121208775 -9.995704933877146
32.45046128712072 -10.087661981171465
32.4504782085432 -10.057240091939107
32.24320959663302 -10.316039324476451
32.24365513194992 -10.320900343185212
32.244172025602055 -10.300046600798627
32.244697212583354 -10.134260276403044
32.24539360649945 -10.175684012013866
32.2456318266461 -10.147206482862643
32.246040835592595 -10.156861459546255
32.251586565376805 -10.298232093097665
32.25204509119104 -10.138821444953315
32.252879580682865 -10.26893297889707
32.25478706666303 -10.176586337312589
32.25539420812415 -10.148300646009702
32.25642662497599 -10.131342171734135
32.25716106131006 -10.163887122660526
32.2584288390076 -10.307096470186526
32.258913347220854 -10.233209111124435
32.26025044671001 -10.261378727365747
32.261373731411226 -10.374709665525065
32.26183909393691 -10.317944178853098
32.26260780161778 -10.295638072704692
32.2638228186795 -10.227409618725545
32.264358574686824 -10.209532664374038
32.264433663314904 -10.20366437492184
32.26492639240172 -10.265653027055786
32.26501100037903 -10.134060181938606
32.26516216518922 -10.337159943398301
32.266432180597356 -10.140674859119416
32.2665060260173 -10.297574561581097
32.26677816180245 -10.132896640642409
32.26995284583496 -10.289572552817868
32.27290795774594 -10.20973553570426
32.27511745863807 -10.154368475074929
32.2759597130415 -10.138719577572068
32.27677361254234 -10.246130784081732
32.27846415251035 -10.195220185675485
32.27945978798249 -10.211911105633778
32.28031576724277 -10.134563000331026
32.28241429889085 -10.300216083168474
32.28385558472649 -10.21932860052417
32.28497715783194 -10.159690006227311
32.28558935704802 -10.130573108881908
32.287381525049284 -10.230769244658978
32.28817950856639 -10.22609316448945
32.28838156225337 -10.24800601571234
32.288745538423434 -10.228331854997274
32.288747224443895 -10.358805873225446
32.28992476961399 -10.223567276026738
32.289965075457715 -10.2180262214808
32.289999698015066 -10.250133243989533
32.29018720400541 -10.247832537087355
32.29044880042509 -10.154851682546454
32.291973122647526 -10.136377325872697
32.293947232160676 -10.359054165532143
32.29561179925204 -10.34142402012736
32.29611786402932 -10.183476008698053
32.296700476284634 -10.328920018541654
32.2970381421648 -10.341810238731545
32.29784310426072 -10.272417025817195
32.3002741570304 -10.308315934933823
32.30095871559841 -10.18259051485263
32.30191390609502 -10.1550765929211
32.30226064450667 -10.206674782050605
32.30247365002366 -10.296139219547722
32.30500196357452 -10.152803451428731
32.307096540088544 -10.165523756966458
32.30768344093603 -10.233430585319066
32.30802431600199 -10.174771273232128
32.30819617616349 -10.30452077299825
32.30884727785571 -10.316874403866604
32.309049550966336 -10.276981337511726
32.31086278586562 -10.33824614492147
32.31098689746529 -10.277345294768752
32.31100094187601 -10.32834034007089
32.311125908444026 -10.187160497505612
32.31229381891855 -10.179927644198592
32.31306105661696 -10.206337737266498
32.31308486032806 -10.261838602528568
32.31550929585301 -10.362995683228664
32.31683325534266 -10.2781858109092
32.32004257497098 -10.31942486188635
32.32118644171898 -10.346195441331954
32.32119274216878 -10.36420527979632
32.32138806592751 -10.283490708070817
32.32236323984398 -10.292197147639346
32.322534510425 -10.165855139186093
32.32259107324944 -10.263028095245138
32.32329691976164 -10.196546804806143
32.32385425640707 -10.328290969430851
32.32483025195325 -10.313305608052197
32.32538249086977 -10.251808670415333
32.32540762460922 -10.205146385983184
32.32574111269669 -10.288881149228954
32.32594921170718 -10.167354830657713
32.326009960363095 -10.216925754874879
32.326190980873335 -10.359885435402179
32.327163333321856 -10.163118581087543
32.32953384897883 -10.364535795253875
32.33010690531005 -10.143444163677305
32.3308772197865 -10.293402760941897
32.33124957930371 -10.342099203833044
32.331536232550505 -10.34071061450874
32.33210502889121 -10.314991737949764
32.33407975777497 -10.322339396592966
32.33462538969251 -10.215622819385715
32.33482465637258 -10.32821992237218
32.33581261850495 -10.292611590305922
32.33597521030568 -10.19301703349118
32.33654273067603 -10.242075189192962
32.33938380524513 -10.162234104153324
32.34169148703879 -10.16364921017407
32.3427756458215 -10.183273791333841
32.344877484556996 -10.160405695639371
32.34578903538788 -10.198217997248546
32.34712655651319 -10.224242699647064
32.347966561739334 -10.226360873666248
32.34847554667396 -10.300749918017196
32.34885722341389 -10.348095999030708
32.349916486005604 -10.258556684784711
32.35141015750311 -10.292943829902537
32.35387850179855 -10.363037022231662
32.35492216880387 -10.220606877100442
32.35494736297272 -10.140775486777368
32.35549914795296 -10.302369111544245
32.357671352513975 -10.2836103322074
32.3578263872581 -10.195258268284173
32.35982085862953 -10.250141876393979
32.36351188518368 -10.161968384408917
32.36355089824818 -10.227195415849867
32.36408855087844 -10.328138575820086
32.36429213348537 -10.34512937227857
32.36471388903387 -10.276592272869575
32.36474619998406 -10.284875745833924
32.366906879374035 -10.260375672591914
32.37014943847776 -10.313652227890161
32.37056464146663 -10.324763441140307
32.37175107248201 -10.253361048733026
32.37182990015864 -10.161103633603439
32.37187805689663 -10.244149207977715
32.37223609912801 -10.310344061314346
32.37245000932785 -10.135662158277531
32.37265598335153 -10.34104923273732
32.37367205441459 -10.131971472812685
32.37481054487098 -10.167511670693694
32.374837382803506 -10.140553443338232
32.3756751455574 -10.162621498309196
32.376656722212616 -10.159315537237195
32.37777815441582 -10.143181834353925
32.380036124640704 -10.1463276208114
32.38047611808237 -10.301103880311109
32.380597083114424 -10.229107166632549
32.38244839471683 -10.364401582860468
32.383294314054574 -10.268062140194717
32.38446217835404 -10.335545322172342
32.384769774218775 -10.349475517020876
32.38731410000762 -10.291700546294607
32.38799343986427 -10.264175800003294
32.388434858946816 -10.20073316380336
32.38899501313048 -10.232634325297497
32.389034168447864 -10.300682004624205
32.39158903840107 -10.185407507738871
32.393043432543024 -10.208047102560249
32.39310005820527 -10.269848931063944
32.393970252173055 -10.189547384421008
32.395320690041245 -10.338731730361202
32.39552404139453 -10.196630938663361
32.39575765709191 -10.189789356348184
32.39641782845363 -10.373740289802152
32.3986848077342 -10.33881338397262
32.39894624796453 -10.159864874613255
32.399190688085035 -10.295429705001304
32.401825256452284 -10.138921449492235
32.40425050171608 -10.25690423843565
32.40503692389705 -10.194277088536927
32.40617363288734 -10.245721680257251
32.40724798010271 -10.282836137490571
32.4076046380576 -10.213375305537559
32.40874234263605 -10.23429934341791
32.409140469567376 -10.180874336753323
32.40972434612269 -10.177946620859593
32.410108232952254 -10.311164440526717
32.41093789696142 -10.360920532426446
32.41160632802009 -10.314667207247375
32.41199380046957 -10.13058651946719
32.412399913207295 -10.169647516879417
32.41273044332238 -10.192384425624152
32.41309633542216 -10.187125761137823
32.41389993413769 -10.374528866294352
32.41586765409727 -10.237689320216
32.41605728215035 -10.160858440454934
32.418606634024044 -10.240952661252539
32.42050826095261 -10.310158895843756
32.42261172769396 -10.307430225218889
32.42302554488326 -10.29240240340108
32.42447805617787 -10.244054421583009
32.426773808728186 -10.199946872525572
32.430266585968134 -10.200955534708811
32.4331699120943 -10.19188647440089
32.43434638532175 -10.299902437834737
32.434422437092756 -10.31650934575363
32.43464727784884 -10.156283822856095
32.43471786917236 -10.226233944555142
32.435329558229725 -10.36652100311767
32.4354639567695 -10.3070301372991
32.43769261347702 -10.187617713525755
32.43774215506084 -10.249449912058935
32.439025712715825 -10.334183733298199
32.43948969894176 -10.177261348196035
32.44011734167124 -10.199332522096666
32.4402944525915 -10.186836835436257
32.44093481850204 -10.138297342154875
32.440973577460426 -10.20627121000842
32.44118280232808 -10.288068775937182
32.441551678156614 -10.246255163144351
32.44281226477216 -10.306331460813656
32.44377550371169 -10.370023133745812
32.44403541619725 -10.284166055279002
32.44441969205003 -10.151084325088396
32.444979429191264 -10.319108558694378
32.4466300086568 -10.182340050062189
32.44732361409279 -10.371294510741683
32.44868420805799 -10.261047544203752
32.44918731284112 -10.192269206379617
32.45041367119495 -10.290764820119454
32.45064593830808 -10.291632495374948
32.45487877759261 -10.224086958807764
32.45500178288409 -10.344827950205815
32.45647726846397 -10.31101379930146
32.456672441565544 -10.165061563816094
32.457395600974706 -10.208381380339175
32.45793824292294 -10.262924316611315
32.460309925804964 -10.29707212299137
32.46082065294244 -10.213714849235078
32.46109481890557 -10.326986492363742
32.46298376406106 -10.279658691893731
32.46300067988326 -10.199217223976317
32.463508526922496 -10.346442409648617
32.46448693814051 -10.190680114583161
32.465161195072014 -10.24690626692938
32.465970260252114 -10.362578619036535
32.466802792728465 -10.270461670909933
32.469000716928754 -10.358171680777728
32.469586773105505 -10.273847064276419
32.470692069883874 -10.296929505223716
32.471504128696324 -10.241151110697105
32.472427300586766 -10.295431611781455
32.47492712000809 -10.363568670821858
32.4791548009289 -10.230193222445223
32.480895092189485 -10.290240743694396
32.48191464585703 -10.281700609772845
32.48295263716308 -10.269036370556105
32.483902753019265 -10.252913057913116
32.48461450379241 -10.201899563010347
32.48650872963762 -10.210518651895498
32.48651677728561 -10.333318198286346
32.49064352985247 -10.271013162688238
32.490853806789005 -10.296386855232608
32.49147717998701 -10.284994116410893
32.49162474595826 -10.20445952421995
32.49190183697966 -10.354307283897292
32.49191858456969 -10.223500650899863
32.49218110050463 -10.173969261506448
32.49252555505849 -10.133037018288823
32.49259023043979 -10.357898794985344
32.4950561024816 -10.2403027339313
32.49606293582643 -10.280951272750075
