RA DEC
50.40052041103299 -13.713929570367387
50.40265669563314 -13.709286586242616
50.403771335129676 -13.643524427978894
50.40404775109006 -13.71119418859836
50.4047622669053 -13.738773336011226
50.40616567160237 -13.706552071742825
50.40874644204491 -13.748708675626661
50.41072005263138 -13.653151722612414
50.41115342162863 -13.633312651763152
50.42036723794141 -13.718247890761495
50.42116083791993 -13.682253307259243
50.421233130280974 -13.704755288390555
50.42241788439344 -13.677335443938137
50.422511510046384 -13.626288463288912
50.42611850534256 -13.72898255343162
50.42917395117474 -13.681052773309005
50.42990689168995 -13.636555256951747
50.43032612781875 -13.716548459766942
50.43251946589328 -13.730231592621347
50.43265805834758 -13.711820924139362
50.43645283850976 -13.74640453995669
50.438371131581896 -13.758102856042742
50.43933086671652 -13.676434297904933
50.44052663910045 -13.739520355249244
50.44140105652244 -13.654665043174484
50.44324396214741 -13.745022305970307
50.4443052863 -13.701245305803479
50.445375148480466 -13.71166666871795
50.44571373642252 -13.687661679499893
50.44648518677381 -13.69183733433964
50.447328868218385 -13.690911480161152
50.45295884653425 -13.671159699881041
50.45426559828527 -13.684906753337229
50.454767965221805 -13.70941802282706
50.45532482277957 -13.66691350419565
50.45795534731894 -13.758105759697678
50.46063106204606 -13.742860714047415
50.461712739229775 -13.67783297822028
50.46446115332993 -13.689913447638071
50.46451713279853 -13.689414518299001
50.46464389652261 -13.628119530715592
50.46610656033684 -13.743001828875
50.467632458866746 -13.709746548535895
50.46847005405507 -13.7247794428074
50.469255559919 -13.647256649223303
50.47386152931057 -13.626538054385088
50.47482182410239 -13.70488594643147
50.4765974709861 -13.661586805723145
50.478054213786365 -13.769249329542122
50.48182652728148 -13.733642623007048
50.48232325494419 -13.692178365344828
50.48312050427907 -13.733680644528947
50.48431235424085 -13.749312648520482
50.48462459150241 -13.625343139786843
50.48643270977472 -13.763024638146835
50.48679557732012 -13.731803042983215
50.49010699964306 -13.654268199992325
50.49094127358168 -13.752594752288337
50.49125002774846 -13.64117137985221
50.491455755158725 -13.708935000407495
50.49363318080621 -13.699527565423786
50.49487890134038 -13.76125857201227
50.495037695107975 -13.719159128574395
50.49671687965528 -13.74016248807212
50.497640975724096 -13.749361819331957
50.497892889067586 -13.768321705342903
50.49835800086482 -13.767160978231953
50.50003127779459 -13.675424578435944
50.50013917638758 -13.665454071236626
50.50081807851338 -13.645694312090017
50.50100506901095 -13.650217707047899
50.502616028105386 -13.628250174464515
50.50288474330683 -13.662412625721789
50.50349448990531 -13.661815458092795
50.50524715254555 -13.738517793720185
50.505381897918916 -13.735237479144393
50.510972506533356 -13.690399734671946
50.51216999935806 -13.629727539028995
50.51376222474444 -13.746888246603898
50.51601234827311 -13.630762336454445
50.5183300757543 -13.628289973176628
50.52116376371059 -13.707349317378789
50.52208740190065 -13.631206776777981
50.52327089652851 -13.743976117689256
50.52371822910598 -13.69501499504789
50.52579039564377 -13.656164665666573
50.52603513593867 -13.739748949929597
50.52758626563601 -13.738912589826684
50.527789562725864 -13.736340748997083
50.53172159144941 -13.737523745523742
50.5334011341027 -13.685797659873979
50.5334033141206 -13.758509060949633
50.535771120562835 -13.65246292382485
50.54370179878077 -13.686539589691751
50.54648135908128 -13.738490085718611
50.54739176630738 -13.74872024365366
50.55266660043794 -13.691114035862107
50.552778188722144 -13.726228471647984
50.559268736594724 -13.729205765744124
50.559928176896165 -13.655577224480542
50.55995132838687 -13.664165483817722
50.559958682940774 -13.73024916383739
50.56023975618776 -13.662089421782992
50.56066493995185 -13.70230766935121
50.561762144924174 -13.651557592953289
50.56239129983479 -13.699565989188052
50.56706167667491 -13.73560883358708
50.56919956550101 -13.645188934018556
50.5698514768821 -13.71552695179972
50.589838933851766 -13.673331201585064
50.593514229441 -13.681493641106838
50.5937751134727 -13.648033525203918
50.593796012942924 -13.677691504899379
50.60217150229304 -13.626666999247828
