RA DEC
9.696394729116365 -8.36296580997842
9.714340250061387 -8.330731045236519
9.728814460216208 -8.322048082476295
9.736091395960948 -8.344660671228224
9.7362626912695 -8.322882842618213
9.741322006463797 -8.370383352728023
9.741431042798625 -8.322841825323275
9.749252820654046 -8.362838800259597
9.751027878671529 -8.34509144430151
9.751159536328123 -8.368849592228797
9.751230858338651 -8.36206833436886
9.754453650225804 -8.347189745719485
9.754543887333554 -8.314921066421284
9.764365420740631 -8.365663643510286
9.77950103056075 -8.29849482006406
9.780036720686388 -8.335592699423074
9.782870985455169 -8.322267861346422
9.78966675825194 -8.299518920240796
9.791986477850212 -8.360116998024493
9.792989446115397 -8.3442074616376
9.79321921133305 -8.337851171462978
9.795649042955356 -8.363801094727378
9.803573789158808 -8.351877518671989
9.804034847682626 -8.296675472122326
9.805989229042513 -8.34783774104679
9.811546313885016 -8.31135252400576
9.812362114711647 -8.331271647058546
9.816227591716201 -8.300704674920954
9.824944918422542 -8.298467955276475
9.825339463919839 -8.352436976455136
9.826205735133804 -8.357428282003813
9.837661836039526 -8.351794908603521
9.841454156449755 -8.349250624145016
9.690177297963917 -8.386293764986519
9.694320051735996 -8.37752022475229
9.696687639113213 -8.419488218419364
9.698385511056882 -8.39370677244508
9.70687306375316 -8.38783370174918
9.70780812813246 -8.427227802108462
9.712995005233383 -8.454553113735427
9.714949837466953 -8.42327238916322
9.716978499454392 -8.390085389586712
9.72017421845641 -8.398921607869045
9.721772158422409 -8.40015473544837
9.729564376806616 -8.465136277616963
9.736297984321594 -8.484350760534388
9.738710030480103 -8.448000350796931
9.742760992639262 -8.388391519698686
9.744944199956143 -8.4045653572102
9.745267195948022 -8.469496677845752
9.749993625859712 -8.478888269382034
9.751991560195371 -8.466682387477844
9.752098705739474 -8.465258979469008
9.752431022108336 -8.386073976056677
9.752986859095358 -8.406180652914623
9.753986311161208 -8.424899216540725
9.75501876904304 -8.407967125807293
9.755077568395732 -8.415724678819888
9.75530316004547 -8.469891434341923
9.755896555140081 -8.421421586857566
9.758711082246785 -8.45891118463928
9.762514806098213 -8.490409252745675
9.764373569331815 -8.433942957143586
9.766616054963905 -8.500557833005681
9.767191381517152 -8.430086893909122
9.768136494625583 -8.39169051526934
9.771497872670842 -8.427136302051895
9.774586067861469 -8.412361859884683
9.775697284972706 -8.379445733576972
9.776318964380179 -8.393062336907247
9.777882926415211 -8.37710238156209
9.779068247422062 -8.396514422226865
9.779192742974248 -8.47773323369986
9.783997119157386 -8.391277245744117
9.788602593920519 -8.427317463867757
9.790792781879036 -8.494220693392236
9.791319044305792 -8.379770395858776
9.792560542470259 -8.378845533220447
9.795076863673296 -8.379050178444128
9.799455037612512 -8.501044067101843
9.799993856942738 -8.424289591153052
9.800033115208231 -8.456463034273593
9.800265449308535 -8.460689864552016
9.800369191263208 -8.418945695320142
9.801816443939522 -8.44578731990765
9.802031279152482 -8.453093424708436
9.802971617189081 -8.441371668915583
9.803899963487396 -8.415400621223512
9.809171565218627 -8.457971311711963
9.810271350983461 -8.480186669300124
9.811881810876072 -8.436129356160894
9.812913966525597 -8.389526727710845
9.815623828535498 -8.387319167958257
9.81620959326792 -8.461803343700016
9.816545803278073 -8.483798426147597
9.822397408755956 -8.452953148472208
9.823585106073036 -8.39902133960358
9.825257417564131 -8.383142120675245
9.825727668475512 -8.478261267232629
9.827599894738698 -8.409510505823311
9.828547152967392 -8.39192214431147
9.82866274447114 -8.387431430012944
9.828816241140725 -8.399286694582777
9.829282505654911 -8.390903353571668
9.830185757511414 -8.456318814402309
9.831472397947964 -8.4759012898126
9.832395563792403 -8.390596113176343
9.832488697529612 -8.492265001144402
9.832686889663663 -8.476463455197777
9.83453019884788 -8.402257105141153
9.836699694401695 -8.396972188838808
9.839763460452854 -8.424685558242066
9.84114597328481 -8.390200189287508
9.844255528043716 -8.470224038727379
9.845648266383936 -8.487832271468541
9.845676687790808 -8.469694143868109
