RA DEC
45.65025515660175 -15.809811892350943
45.65188097239693 -15.742144910883137
45.652429972144425 -15.739586041989199
45.653691138398386 -15.705050652352956
45.65501995926079 -15.74577974570794
45.65513051015369 -15.854931147002501
45.65866083628283 -15.728605960347686
45.659751582329235 -15.664881956541224
45.66091262855856 -15.761275881721145
45.66138813180909 -15.763645757261376
45.66193891905199 -15.738718275996584
45.66420300512407 -15.861034796061103
45.66661369771987 -15.725891277510257
45.66666869817202 -15.713724569351982
45.66740641007855 -15.750916315298163
45.66787867954407 -15.827188672133744
45.668367979665064 -15.70554870430528
45.67003319572009 -15.635152691662498
45.67132369170287 -15.837354685585204
45.67423583102042 -15.758878436995992
45.67442552136903 -15.755232793475827
45.67485739032967 -15.643775650037117
45.67529382440149 -15.637852516426753
45.6761069327637 -15.726655259771048
45.677202587310084 -15.67709925023076
45.68078462189944 -15.858144474907986
45.68208494477512 -15.63546707895637
45.682185141005725 -15.795614600161871
45.682253777691805 -15.803814793589117
45.68229866931255 -15.655465648609582
45.68255325043078 -15.693526578973644
45.684250024805614 -15.821761578809369
45.68456940835808 -15.81948078510365
45.68535349332763 -15.773637821353221
45.68622369269769 -15.83440435959486
45.686405092681234 -15.703991283040999
45.688080307297646 -15.810376544939393
45.688363259732206 -15.783667418339338
45.68868735269337 -15.637639155709222
45.6886969975684 -15.765466987608413
45.68891336098318 -15.625673185958824
45.68898258931147 -15.737757696509174
45.68961443352144 -15.84963566278669
45.69029425486289 -15.833364448805956
45.691212290151434 -15.787433030337851
45.69511194741631 -15.689577440271544
45.69525925562665 -15.870823073453874
45.69545625829181 -15.82082637185922
45.6971917449523 -15.653175361460493
45.697544690918456 -15.82273723266696
45.69847679866335 -15.823257086122219
45.69944714653578 -15.680289493044166
45.70080084552107 -15.681346563371708
45.701327404792565 -15.777786000204888
45.70164710815556 -15.77477040438609
45.703129926565474 -15.689207469865323
45.703611559665255 -15.80870719727735
45.70371092234159 -15.664805303805316
45.705071158655514 -15.697094554618221
45.705130961228065 -15.637889243922272
45.7066825593357 -15.668656720803629
45.70676085074996 -15.661944475285974
45.70753457371133 -15.692113889947992
45.70822899868784 -15.636407702595246
45.70859769115425 -15.762085801152262
45.708769490049164 -15.689132002588169
45.70960310095942 -15.742107535233096
45.710891643138595 -15.729355122302985
45.71156081708526 -15.737564872458165
45.712232339441506 -15.730697138840766
45.71258022963268 -15.79722996371026
45.71335862848413 -15.719720879676279
45.71451798731904 -15.732340170050765
45.715368408214154 -15.725381399927546
45.7159627462516 -15.711950186872528
45.716664889783914 -15.766286171298635
45.718142947739764 -15.626670921950838
45.718469491334034 -15.848452548427632
45.718535373869315 -15.66267284439024
45.71940312520962 -15.779073863575846
45.719700076722425 -15.756901649222817
45.719803113520626 -15.813591888298047
45.721514122601604 -15.747698299589779
45.72196775703858 -15.637200023528061
45.72218921052647 -15.672316969827326
45.72219432220682 -15.725120060237336
45.72295072402375 -15.774239688667105
45.725135724407735 -15.845101819720988
45.72576232335646 -15.66679091360942
45.725926930367486 -15.850010634816611
45.72776295249684 -15.858472571266304
45.72799914631778 -15.77313538530271
45.728243527972474 -15.829619220403194
45.72832428949366 -15.728095843213802
45.72947343965924 -15.754563291164432
45.72982278992074 -15.701337785687052
45.72985216565118 -15.821554429029947
45.73017987039547 -15.72682278545676
45.73025483662938 -15.82525843818536
45.73370556880106 -15.739207553639918
45.73560157556073 -15.865514755829105
45.73569186459716 -15.834323910082269
45.73579815209297 -15.835615689079443
45.73789242474279 -15.752272139971804
45.738273744181754 -15.729267375619902
45.73833334077931 -15.70310113864092
45.73865156319792 -15.840699435419516
45.73877146560523 -15.627763152110267
45.73975111810391 -15.754906649008651
45.74007472054821 -15.76378858855298
45.74431553998146 -15.633384871906403
45.74621740626036 -15.814981364800675
45.751801293074855 -15.628393947634551
45.75352145601727 -15.7930360494897
45.75376961026491 -15.707020047916231
45.754198248937705 -15.791329976935655
45.75586088396848 -15.782652400213488
45.75608326094454 -15.679624345629046
45.75800086568215 -15.629485236031437
45.75867924947132 -15.763567428530914
45.75874363963595 -15.822175483667953
45.7589467303467 -15.768778187572714
45.759284130719685 -15.731578242079683
45.75970451043861 -15.824797051087572
45.75989282350694 -15.852275171090783
45.76025082873146 -15.771028537895935
45.76137200103907 -15.758582477178294
45.76303982742385 -15.703843481578913
45.76420123840754 -15.84911593285764
45.76557852243853 -15.819138124278695
45.76782873092243 -15.70325903940308
45.76831337290143 -15.834397295189556
45.77098903895009 -15.773076400384822
45.77142308927848 -15.814235286840113
45.772745110469586 -15.797929577618564
45.77354388346487 -15.78900214956521
45.77369149692566 -15.71883477328202
45.77632210196443 -15.773735606202672
45.776869211776926 -15.874255370499604
45.77706324223484 -15.845505858782156
45.77912623435667 -15.823826546670361
45.779852811296074 -15.791522757685474
45.78204421500062 -15.715342900132864
45.78412674235928 -15.795287047088975
45.78797965842807 -15.688211808800808
45.787999396155236 -15.751045156615337
45.789247597195086 -15.696778835672477
45.78971447011553 -15.781504257219039
45.79191342455551 -15.799615129009391
45.79258565914323 -15.74205337578513
45.7927480277327 -15.85272245602064
45.79313519336522 -15.682003141780752
45.793455774966816 -15.800438595521177
45.79529077443974 -15.800525003902417
45.795576071489634 -15.752149971824691
45.79563735760534 -15.726638508178976
45.79635702171574 -15.631105027168445
45.79816882695537 -15.672135134751741
45.799082298336934 -15.627582827493603
45.80128037519371 -15.746434115159483
45.80150374236634 -15.866689556811423
45.80242613262927 -15.7081990229843
45.80286005684533 -15.680541749751427
45.80306199683027 -15.677209386604087
45.80350564467813 -15.655156713060222
45.80532451065696 -15.821665793749954
45.805940913750945 -15.810679581736657
45.80935772740599 -15.660543954768665
45.810488430099674 -15.81490567745344
45.81052368327012 -15.662485853106801
45.811410186699995 -15.668434721454368
45.81192519900098 -15.785704406175329
45.81194921879717 -15.850202542582144
45.81315931085025 -15.692325279510392
45.81414063742232 -15.788779455045516
45.81655373205177 -15.865502984018855
45.8174491345208 -15.826574121772232
45.817503301253794 -15.70745025341341
45.819366912499014 -15.728925718267439
45.82072509533879 -15.641735528803823
45.821125643735556 -15.660233542840507
45.822276143867846 -15.690369573247635
45.82262103304301 -15.746407267486033
45.82686116569457 -15.797561672830561
45.826875469987385 -15.823946499989185
45.82752051760941 -15.659630350713222
45.82822590564653 -15.846119967697291
45.83209549808633 -15.757165249932985
45.83269928132699 -15.81020020263168
45.833779275006165 -15.74383357818598
45.83729034975402 -15.845206067418536
45.83729865489859 -15.82216577591676
45.83744613152981 -15.87368706401672
45.83793926122562 -15.692442903448447
45.83836582159081 -15.694700866596326
45.83858606661522 -15.690633580225644
45.83925098978627 -15.777293125615762
45.84064391168803 -15.816882574613844
45.84264825338497 -15.807061693211125
45.843384136501925 -15.740453389249135
45.84435384359128 -15.844517554194532
45.84553640474584 -15.798906019578943
45.84713177936582 -15.776245815559962
45.848071011784576 -15.702964478288106
45.84850535401595 -15.730618149912738
45.84958778238372 -15.701036589679287
45.85032540770332 -15.674280529242786
45.850491896251675 -15.670995018882536
45.85066279799278 -15.760887568863826
45.85135306174801 -15.666836393125632
45.85267765294581 -15.732838809510179
45.85397353030445 -15.781998543953813
45.854377615740766 -15.804524732664305
45.8551221510012 -15.669894038602875
45.855737184637405 -15.741962766087967
45.856647964873495 -15.78306001571881
45.85763877442909 -15.826762482698744
45.85871210926809 -15.671846535841654
45.86088832609721 -15.670795134852415
45.862534670843225 -15.744616693429553
45.863313146325225 -15.748379240841297
45.86344501551746 -15.774616399757376
45.86351287986109 -15.704931818372538
45.863899218003226 -15.656927293056132
45.86547513267765 -15.806544590453058
45.86754027981059 -15.795059132683253
45.872310228018016 -15.717936601371623
45.872838494800426 -15.786568576175137
45.87326892152077 -15.722797279458094
45.87345469755682 -15.692305942256304
45.87351341619284 -15.671200427939215
45.873600131743615 -15.732751639625432
45.874252094018146 -15.85004141608683
45.87658641309699 -15.720683429146275
45.8770627929024 -15.832425329158474
45.877456817599935 -15.716141162492422
45.878240964895596 -15.785722788050593
45.8783505485524 -15.796847808559052
45.87924529201149 -15.768188224915562
45.87995887005343 -15.692420238368719
45.88022200477332 -15.840380606584016
45.88039710079744 -15.780146128755971
45.88155238381125 -15.678277997054616
45.88155649190307 -15.758591422312726
45.88273145253192 -15.67926828261648
45.88591404074955 -15.674951717684877
45.886857669446535 -15.803163245373474
45.88751762947786 -15.724211350656844
45.88752760979061 -15.727348239560666
45.88835054645172 -15.786113681113397
45.88906416805958 -15.670883923297755
45.88911585799048 -15.664489793513235
45.88985897939301 -15.72108088212398
45.889982290724 -15.817124353675446
45.893005661255124 -15.789437207456581
45.89312789951127 -15.776135052563196
45.893618282832556 -15.666749494286318
45.89443657459323 -15.857139899031454
45.89714402261267 -15.784620742982586
45.8987640767948 -15.698257933516834
45.900223939340165 -15.684809113386217
45.902160263116514 -15.790352616147862
45.90371639479219 -15.85494481477497
45.90428698961026 -15.692697390921964
45.90576442677986 -15.817601089856158
45.90577132684825 -15.687548400039345
45.84188052986183 -15.404365308404168
45.84188212141729 -15.398601477565466
45.84274299519321 -15.442791743209957
45.84299351805363 -15.463614243882995
45.84488977102134 -15.4844046469888
45.84490149276119 -15.595655064894723
45.845849298183296 -15.590944437339015
45.845954276429545 -15.49017644916428
45.847946396214525 -15.41432643667165
45.84852893809821 -15.54843864691129
45.84864466113559 -15.562556508295556
45.85204630388466 -15.471591229047904
45.85221917275997 -15.55533642156963
45.853163844012215 -15.459014631874421
45.85336487612294 -15.38216209056683
45.855210642178285 -15.512180031037076
45.85725511397173 -15.539597215834709
45.864676976444315 -15.441045703481699
45.86555940835072 -15.522502196000683
45.86561202841695 -15.444186541875538
45.86851030468099 -15.50651351792158
45.87009589936108 -15.475196529518263
45.87023713966964 -15.391404282740991
45.87062541431175 -15.52988145248407
45.87528414382725 -15.4302657835313
45.87539857659352 -15.415958909647275
45.878335773455255 -15.51595842300726
45.88073993080188 -15.573871809948349
45.881443706127484 -15.419057142136925
45.88146102492398 -15.533686630819831
45.88509685038159 -15.570306416501147
45.888069638565774 -15.398801429991478
45.888430437589776 -15.490161594718854
45.88875214775406 -15.50247009723384
45.891980430476735 -15.511304752505644
45.893168955198476 -15.597678052306213
45.893357380859776 -15.442536018963473
45.893447250878154 -15.412049334370739
45.894119015424785 -15.452580284064023
45.89421498767717 -15.459589270899734
45.89566862191945 -15.470614050486144
45.89686095525364 -15.395676199228356
45.89734026636324 -15.572434650823222
45.89810974264458 -15.432187774734189
45.89822963472989 -15.549532657115789
45.8983979145685 -15.566457907632774
45.89891537690383 -15.568225102821271
45.90462664536817 -15.59156595091642
45.905217633679435 -15.445672352365014
45.90548293530005 -15.57093989809999
45.90719106845136 -15.406268269447464
45.908922577396055 -15.491657020442128
45.90958577349014 -15.404557872284972
45.91314783900229 -15.416450550540004
45.91338103084803 -15.439087555838654
45.914919362441616 -15.439014105722434
45.91612681504964 -15.433431443559483
45.91625880730782 -15.533155540640523
45.91658504226351 -15.408617644127606
45.91791092810875 -15.562812571040531
45.91976778749759 -15.535868270912982
45.92128938242905 -15.40841133671008
45.92208582985865 -15.491988769050117
45.922328010036 -15.44267913362457
45.923003342157635 -15.56104556302167
45.92878255803024 -15.42883335277127
45.92928864962968 -15.6047792883289
45.93720176777092 -15.555346575252411
45.937705088398786 -15.384296742147873
45.93963515440456 -15.454860496433838
45.94075844600481 -15.467984584447665
45.942949192480405 -15.417799666811655
45.94579948992623 -15.488042819581509
45.946581628380166 -15.529037160364158
45.94694744369347 -15.47510254346862
45.94742701998351 -15.473319667279126
45.948805043419114 -15.490965694314609
45.9510688838858 -15.469781855349177
45.95158442164644 -15.467743975982131
45.95307019158218 -15.602073096920673
45.95371446058192 -15.619162402656249
45.95439434363833 -15.51020849727974
45.955262040861584 -15.545425711285253
45.9568666933946 -15.622882980142531
45.95779432815287 -15.412846531166618
45.960215213736134 -15.59474524064818
45.96058906070978 -15.583088459848238
45.96321311888871 -15.515623059230485
45.96340096456507 -15.400202604693305
45.96382326188692 -15.561997571743541
45.96421087295004 -15.605598880138915
45.96576137200657 -15.432535039771983
45.96650691685724 -15.401408846801997
45.96708574368548 -15.406086935492386
45.9684896110361 -15.4376076142842
45.96986024133526 -15.439771828958744
45.97103352749734 -15.62486912664159
45.971217240650304 -15.39322112152787
45.97234462249492 -15.59170637478554
45.97298245367634 -15.501335892872772
45.97310537663503 -15.486369165495775
45.97311450095315 -15.523678242364095
45.97344935157105 -15.465452872211632
45.973452821129804 -15.430288023136606
45.9749233626529 -15.535628678894916
45.97520861101062 -15.61194602128175
45.9753889575767 -15.468889924497853
45.97597729128114 -15.48113922281929
45.976971549987034 -15.490797257113258
45.97767251167944 -15.526820725655408
45.9780375409797 -15.419170494932827
45.97944187286727 -15.457553142460977
45.9802555636797 -15.412600015954986
45.98078856110875 -15.579093880683045
45.98305625852387 -15.525971870737235
45.98414040986543 -15.510474819475123
45.98446074664465 -15.516798216330338
45.985374929137315 -15.555898361428387
45.986534431312904 -15.557090711590794
45.98841810222986 -15.5166558550297
45.98904498635276 -15.566525519868783
45.99178703018302 -15.60710605995597
45.997896316941855 -15.432468889181193
45.999379834820026 -15.60814567400411
46.00419254373766 -15.440182437653762
46.00761541840114 -15.50087547631827
46.00799122613447 -15.61453443308352
46.00857016575954 -15.539423752460728
46.00858585026741 -15.418776702429065
46.0118662376813 -15.454536826052408
46.01222653241602 -15.617342150379532
46.013325291748544 -15.595730595147609
46.013561466717746 -15.613973381073954
46.017503828674556 -15.465151803075504
46.01857415415876 -15.478233326868239
46.01918062156168 -15.538437081612065
46.020585980305995 -15.553995876557286
46.021929495368006 -15.533654910252801
46.02269176631297 -15.386707092916593
46.022974184307856 -15.431824368915048
46.023016826888345 -15.568513813792075
46.023644704906616 -15.580331135299586
46.02737528376933 -15.597782615599492
46.02880449686061 -15.624710447004087
46.02948489945927 -15.599718365889801
46.03113574270667 -15.61369842117716
46.031953247179324 -15.552039588677777
46.03302351356744 -15.507908108723015
46.034180633916165 -15.567163689311194
46.03459033300509 -15.411269783293278
46.035927438952655 -15.493568456012397
46.03615823431624 -15.521617280404223
46.0384278608632 -15.54539250451126
46.03933810497943 -15.6177429894627
46.03995902570903 -15.454199395076024
46.03998023690058 -15.548496718557333
46.040335177325304 -15.469799965271184
46.04278706029928 -15.512285971887891
46.042946834103816 -15.375343060587618
46.04561537041507 -15.600306840111962
46.047393895081505 -15.419753685848132
46.04855383020893 -15.449799851010404
46.04881682299944 -15.450693284968112
46.049170398543595 -15.567902634475686
46.05016238234235 -15.414730149962038
46.05134325407902 -15.452871670309358
46.0517673558294 -15.411713131810615
46.05275948049924 -15.377816007912589
46.05324316284574 -15.38114185738889
46.0534603468661 -15.605199694315806
46.053479925172496 -15.376785990421796
46.05403401614693 -15.56757135416974
46.055735743278085 -15.618654414456254
46.056210146178266 -15.49704824593789
46.05634793828466 -15.622569135838141
46.05898546415767 -15.45741263179655
46.05920774105084 -15.53609691806497
46.061042686400576 -15.584344254079804
46.06127336465284 -15.55419435627504
46.06159288826646 -15.55890870765008
46.06165393240542 -15.610240162647392
46.063275781599984 -15.45645767073323
46.063654000209375 -15.531058291097404
46.06616892370287 -15.436308990546223
46.06678306077846 -15.437951316345979
46.06763832316028 -15.479917648198361
46.06857123350254 -15.517691474662428
46.069239385277065 -15.569891658508295
46.069863549953645 -15.531328068628008
46.07065530287578 -15.456081871858927
46.070692919307724 -15.518459520986896
46.074641943274784 -15.479624817586894
46.074662944072834 -15.49402862031073
46.07677710082673 -15.515412214659342
46.07686512325455 -15.572605569189149
46.07880558017625 -15.570393237310414
46.079253300463115 -15.535874211286249
46.08000744661824 -15.565978946701645
46.0812892957305 -15.434387487543226
46.08227668321146 -15.389857547266894
46.082547612462484 -15.533718697014137
46.083274888375406 -15.470513795021139
46.08489748180497 -15.573727062793667
46.085738739456794 -15.548893427436893
46.086036161561736 -15.605885725994899
46.086312038572906 -15.604992069748153
46.08702935070918 -15.50129427707462
46.08747178058991 -15.536612152141032
46.08786425710567 -15.563900901545761
46.0886131847498 -15.382798387797306
46.09013263130583 -15.375559916384749
46.09059729816329 -15.52816506738677
46.091935281643515 -15.382950790947783
46.09334433975088 -15.535484958902995
46.0944619259354 -15.391752452907184
46.09556748502232 -15.41047343200544
46.095601625825054 -15.566763703876363
46.09566306773529 -15.466540054460008
46.09751771211374 -15.557979404024975
46.0981275697364 -15.51331575719846
46.098542432141585 -15.531855688343878
