m_g, m_r, m_z
25.33516502380371, 23.9116153717041, 22.51531410217285
23.942228317260742, 23.081960678100586, 22.497425079345703
22.37473487854004, 21.389339447021484, 20.73920249938965
23.832496643066406, 23.31995964050293, 23.408935546875
23.910913467407227, 23.765718460083008, 22.95930290222168
25.037025451660156, 24.38656997680664, 23.042539596557617
23.249977111816406, 23.070375442504883, 22.07754898071289
23.96694564819336, 22.957298278808594, 22.407028198242188
23.380346298217773, 23.007625579833984, 22.223583221435547
24.686267852783203, 23.31281852722168, 23.076570510864258
24.170639038085938, 23.523509979248047, 23.060895919799805
21.170650482177734, 20.04241180419922, 19.24009132385254
24.22947883605957, 24.472028732299805, 24.60957908630371
22.829416275024414, 22.272235870361328, 21.590185165405273
24.127756118774414, 23.505685806274414, 22.44841766357422
24.096263885498047, 23.29123878479004, 22.963520050048828
22.700061798095703, 21.98259925842285, 21.719894409179688
24.121604919433594, 23.1738224029541, 22.345184326171875
23.75129508972168, 23.666091918945312, 24.136699676513672
23.49624252319336, 22.679744720458984, 22.50881576538086
24.564292907714844, 24.270170211791992, 23.755176544189453
23.17937469482422, 22.354732513427734, 21.87852668762207
23.858112335205078, 23.464069366455078, 22.752517700195312
24.261568069458008, 23.821609497070312, 23.509275436401367
19.738027572631836, 19.167129516601562, 18.77315902709961
22.989213943481445, 22.988605499267578, 24.345806121826172
24.123842239379883, 22.956064224243164, 22.30158233642578
22.35210418701172, 20.467613220214844, 19.305843353271484
23.894020080566406, 25.570598602294922, 23.679277420043945
23.71599006652832, 22.806896209716797, 22.285158157348633
24.140979766845703, 22.9718017578125, 21.264013290405273
22.943683624267578, 21.99220085144043, 21.392107009887695
23.641443252563477, 23.171052932739258, 22.620119094848633
24.00759506225586, 24.502126693725586, 23.116384506225586
24.414201736450195, 24.0119571685791, 23.90780258178711
24.02879524230957, 23.665475845336914, 23.424304962158203
24.522428512573242, 24.035818099975586, 22.868680953979492
22.721956253051758, 21.421205520629883, 20.256418228149414
23.031034469604492, 22.316822052001953, 21.63641929626465
23.181564331054688, 22.499759674072266, 21.657304763793945
24.38572120666504, 23.396879196166992, 23.235265731811523
24.35665512084961, 23.597023010253906, 22.940853118896484
27.10647201538086, 27.829273223876953, 22.38961410522461
22.091461181640625, 21.500171661376953, 21.065000534057617
23.879344940185547, 24.11075782775879, 22.5726375579834
23.899885177612305, 23.359878540039062, 23.686901092529297
23.978168487548828, 23.257278442382812, 23.192140579223633
23.111547470092773, 22.07838249206543, 21.552562713623047
24.80181121826172, 23.50383949279785, 22.972339630126953
24.45274543762207, 24.074565887451172, 23.07645606994629
24.683414459228516, 23.393476486206055, 22.69226837158203
23.767322540283203, 22.81301498413086, 22.321552276611328
23.019500732421875, 22.124332427978516, 21.349042892456055
23.3131046295166, 22.64818000793457, 21.706771850585938
23.572885513305664, 23.196130752563477, 23.359281539916992
24.48619270324707, 23.877580642700195, 23.05813217163086
24.588363647460938, 23.975326538085938, 22.968164443969727
23.267805099487305, 22.895986557006836, 23.017475128173828
22.91270637512207, 21.94074249267578, 21.46436882019043
21.895132064819336, 21.421476364135742, 20.993297576904297
23.154590606689453, 22.48459815979004, 22.13847541809082
23.703920364379883, 23.63409996032715, 23.53632354736328
23.724000930786133, 23.049806594848633, 22.825284957885742
23.088653564453125, 22.673480987548828, 21.977317810058594
23.34196662902832, 22.552152633666992, 21.91667366027832
24.716873168945312, 23.669458389282227, 22.928342819213867
23.395906448364258, 22.893787384033203, 22.547000885009766
24.020479202270508, 23.555339813232422, 22.957605361938477
24.85768699645996, 23.623371124267578, 21.89303970336914
23.23237419128418, 22.968074798583984, 23.034622192382812
24.951095581054688, 23.68902587890625, 21.918079376220703
24.10024070739746, 23.804601669311523, 23.290878295898438
24.01363754272461, 23.614099502563477, 23.783672332763672
25.68136978149414, 23.767589569091797, 23.403724670410156
24.41937255859375, 23.63714599609375, 23.03089141845703
23.952518463134766, 23.419025421142578, 22.64972496032715
24.80371856689453, 23.431591033935547, 26.099075317382812
23.8681583404541, 22.943830490112305, 22.605609893798828
24.166040420532227, 22.1731014251709, 20.906362533569336
23.846271514892578, 23.717618942260742, 23.25094985961914
25.75084114074707, 25.779403686523438, 22.68614387512207
19.557613372802734, 18.478580474853516, 17.807857513427734
21.732763290405273, 20.408649444580078, 19.64205551147461
22.32701873779297, 21.449907302856445, 20.945573806762695
22.880054473876953, 21.623233795166016, 20.838886260986328
24.78598403930664, 23.88468360900879, 23.30986785888672
24.613082885742188, 23.682771682739258, 22.95977210998535
24.575305938720703, 23.31736946105957, 23.530532836914062
24.084075927734375, 23.640565872192383, 22.51114273071289
25.538480758666992, 24.34843635559082, 22.730159759521484
24.0722713470459, 23.356149673461914, 22.821266174316406
22.35723876953125, 22.13672637939453, 21.58014678955078
24.02007484436035, 23.67243003845215, 23.23763656616211
20.654760360717773, 20.1427001953125, 19.799833297729492
23.554672241210938, 22.304489135742188, 21.844974517822266
26.676055908203125, 23.950761795043945, 21.74349021911621
26.147077560424805, 23.84299087524414, 21.621747970581055
24.49559211730957, 23.543102264404297, 22.951431274414062
18.99640655517578, 17.864192962646484, 17.114782333374023
23.061511993408203, 22.157705307006836, 21.4829044342041
23.065467834472656, 22.332468032836914, 21.71856689453125
24.173730850219727, 23.233909606933594, 21.474578857421875
23.835710525512695, 22.81805992126465, 22.04323387145996
24.626178741455078, 23.495054244995117, 22.661697387695312
24.256017684936523, 23.779333114624023, 22.657657623291016
24.303852081298828, 23.947277069091797, 24.139911651611328
25.47015380859375, 24.7435245513916, 22.807710647583008
23.23231315612793, 22.877017974853516, 22.971952438354492
19.848081588745117, 19.415742874145508, 19.145410537719727
24.573528289794922, 23.942243576049805, 24.323026657104492
24.324867248535156, 23.943269729614258, 23.448440551757812
24.815166473388672, 24.27145767211914, 22.97985076904297
24.708208084106445, 23.631542205810547, 22.91291046142578
24.467878341674805, 23.569305419921875, 21.941516876220703
24.374589920043945, 23.75921630859375, 23.571102142333984
20.375532150268555, 19.66663932800293, 19.144622802734375
24.198955535888672, 24.28571891784668, 23.019023895263672
21.973478317260742, 21.109556198120117, 20.51245880126953
20.018220901489258, 19.48215103149414, 19.118906021118164
22.772705078125, 21.188352584838867, 19.967933654785156
24.201595306396484, 24.26926040649414, 23.515119552612305
23.483367919921875, 22.96685791015625, 23.01494026184082
22.277376174926758, 21.084598541259766, 20.409713745117188
24.22726821899414, 24.086162567138672, 24.536378860473633
24.01079559326172, 23.3508358001709, 22.467727661132812
22.48018455505371, 21.88872528076172, 21.444042205810547
24.151769638061523, 23.789833068847656, 23.353302001953125
23.137052536010742, 22.922718048095703, 22.04730796813965
24.486713409423828, 23.957563400268555, 23.371854782104492
22.947982788085938, 22.13637924194336, 21.64251708984375
24.396528244018555, 23.30069351196289, 23.14264678955078
23.451833724975586, 23.386449813842773, 23.4737548828125
24.042400360107422, 23.702579498291016, 23.59836196899414
22.20136070251465, 21.076988220214844, 20.25162124633789
20.54557228088379, 19.764663696289062, 19.232290267944336
21.24435806274414, 20.673782348632812, 20.323516845703125
23.6998233795166, 22.885467529296875, 21.51529884338379
24.588621139526367, 23.93441390991211, 23.13712501525879
23.086528778076172, 22.108747482299805, 21.08111572265625
23.322803497314453, 22.815120697021484, 22.33746910095215
23.092933654785156, 21.447208404541016, 20.069473266601562
23.810304641723633, 23.433530807495117, 23.225095748901367
22.819089889526367, 21.650440216064453, 21.03048324584961
23.794483184814453, 23.651119232177734, 23.54860496520996
24.167739868164062, 23.276107788085938, 23.104759216308594
23.25170135498047, 22.567150115966797, 21.812458038330078
25.300106048583984, 24.20073699951172, 23.353017807006836
25.006591796875, 24.023223876953125, 23.305654525756836
24.430339813232422, 24.145709991455078, 23.188312530517578
25.45391082763672, 24.480329513549805, 22.138980865478516
23.949626922607422, 23.42259407043457, 22.893396377563477
25.623750686645508, 23.7698974609375, 21.854528427124023
25.774904251098633, 23.57741355895996, 21.79056739807129
24.018508911132812, 23.762025833129883, 22.658231735229492
24.224538803100586, 24.11595916748047, 23.055042266845703
24.847177505493164, 23.547632217407227, 21.678157806396484
22.76852798461914, 21.95474624633789, 21.67705726623535
23.93553924560547, 23.619781494140625, 22.63419532775879
23.876407623291016, 23.41413116455078, 22.564804077148438
25.445566177368164, 24.505035400390625, 22.86604118347168
22.98001480102539, 22.476640701293945, 21.67583465576172
23.31723976135254, 22.91730308532715, 23.175731658935547
24.095518112182617, 23.724029541015625, 23.9711971282959
23.460973739624023, 23.22924041748047, 22.549213409423828
24.239290237426758, 24.063329696655273, 23.045408248901367
21.232961654663086, 20.927988052368164, 20.774070739746094
23.126787185668945, 22.21364974975586, 20.88557243347168
22.480945587158203, 21.949735641479492, 21.65536117553711
23.942350387573242, 22.728336334228516, 21.248985290527344
25.183353424072266, 27.946372985839844, 22.639053344726562
23.755544662475586, 23.456052780151367, 22.70026206970215
24.245101928710938, 24.103805541992188, 24.190689086914062
22.22113800048828, 22.52625846862793, 22.80678939819336
24.70152473449707, 23.202308654785156, 23.12277603149414
23.96286392211914, 22.88345718383789, 21.570293426513672
24.050199508666992, 23.058940887451172, 22.47487449645996
22.492273330688477, 22.226354598999023, 22.220735549926758
23.135074615478516, 22.84127426147461, 21.961044311523438
22.408512115478516, 22.40230369567871, 23.15912437438965
23.810707092285156, 22.84693145751953, 22.444414138793945
23.86932373046875, 23.7740535736084, 23.55069923400879
17.721004486083984, 17.30389976501465, 17.03591537475586
24.312702178955078, 23.827362060546875, 24.123584747314453
24.01813316345215, 23.858667373657227, 22.84970474243164
23.802555084228516, 23.496414184570312, 22.65516471862793
22.875852584838867, 21.957233428955078, 21.426727294921875
24.892410278320312, 24.24706268310547, 23.756078720092773
24.12607765197754, 23.238813400268555, 24.184648513793945
26.602230072021484, 23.31577491760254, 21.760820388793945
23.227970123291016, 23.176055908203125, 22.720151901245117
23.79131507873535, 23.2440128326416, 22.872028350830078
25.189550399780273, 23.949617385864258, 23.878952026367188
22.512372970581055, 22.332622528076172, 22.527141571044922
25.909732818603516, 23.90619468688965, 25.51224136352539
23.63865852355957, 22.992305755615234, 22.42643928527832
23.844694137573242, 23.485694885253906, 22.959468841552734
24.122949600219727, 24.912059783935547, 24.273151397705078
24.109500885009766, 24.03611946105957, 22.872011184692383
23.85637664794922, 23.912357330322266, 23.939912796020508
23.85552215576172, 24.43962860107422, 24.022964477539062
25.03789520263672, 23.49501609802246, 22.823320388793945
22.394742965698242, 21.725597381591797, 21.29475975036621
24.95726203918457, 24.731250762939453, 23.420631408691406
23.837480545043945, 24.422700881958008, 23.10549545288086
23.9464168548584, 23.293378829956055, 22.323755264282227
22.22540855407715, 21.45935821533203, 21.0580997467041
27.008625030517578, 24.08833122253418, 21.812835693359375
24.384624481201172, 23.58478546142578, 22.841768264770508
22.797826766967773, 22.16509437561035, 21.863595962524414
24.360883712768555, 24.508161544799805, 23.748775482177734
22.82282257080078, 21.0550537109375, 20.056659698486328
23.339988708496094, 22.956228256225586, 22.75106430053711
24.93575096130371, 23.845638275146484, 24.66584014892578
23.848434448242188, 23.54960060119629, 21.86172103881836
24.229429244995117, 23.70724105834961, 22.797555923461914
24.547555923461914, 22.572458267211914, 20.80081558227539
22.65167999267578, 22.62346076965332, 22.27533531188965
24.808086395263672, 24.034826278686523, 23.049165725708008
24.630918502807617, 24.106769561767578, 23.517745971679688
24.09035873413086, 23.327754974365234, 22.434478759765625
22.189441680908203, 21.387638092041016, 20.207170486450195
24.130577087402344, 24.098251342773438, 24.426651000976562
23.337615966796875, 24.88945198059082, 22.35816764831543
23.487220764160156, 22.613779067993164, 22.179656982421875
23.979076385498047, 23.686561584472656, 23.58488655090332
24.030534744262695, 24.148313522338867, 24.923368453979492
22.92495346069336, 22.976049423217773, 22.50153350830078
25.131595611572266, 24.608623504638672, 23.09320831298828
23.75455093383789, 22.53120231628418, 21.262632369995117
24.32444953918457, 23.61239242553711, 23.2161922454834
23.906463623046875, 23.637001037597656, 23.214345932006836
24.558204650878906, 23.707855224609375, 24.69407844543457
23.679855346679688, 23.11852264404297, 22.113969802856445
25.297643661499023, 23.60947036743164, 22.396995544433594
25.051437377929688, 23.85405731201172, 22.05088996887207
22.909523010253906, 22.240646362304688, 21.73586654663086
22.855531692504883, 21.762704849243164, 21.40070343017578
23.276628494262695, 21.486934661865234, 20.145339965820312
23.8969669342041, 23.480289459228516, 22.50054168701172
24.53892707824707, 24.542613983154297, 23.3743839263916
24.223899841308594, 23.716957092285156, 22.637880325317383
24.546770095825195, 22.71046257019043, 20.904205322265625
20.460987091064453, 19.913366317749023, 19.525087356567383
23.474872589111328, 22.872940063476562, 22.834409713745117
23.496715545654297, 23.757625579833984, 23.07523536682129
22.559795379638672, 21.81118392944336, 21.27838134765625
23.31229019165039, 22.505674362182617, 21.888723373413086
21.54387855529785, 21.130130767822266, 20.869844436645508
22.679332733154297, 21.75775718688965, 21.30160140991211
23.532930374145508, 22.634838104248047, 21.57769203186035
24.081716537475586, 23.137378692626953, 22.20182228088379
23.548845291137695, 22.946325302124023, 22.00977325439453
21.335922241210938, 20.106840133666992, 19.33464241027832
24.099817276000977, 23.741825103759766, 22.6334285736084
23.84969139099121, 23.41021728515625, 22.933250427246094
23.697114944458008, 22.693668365478516, 22.19762420654297
23.287931442260742, 23.203556060791016, 22.59913444519043
24.24034881591797, 23.612228393554688, 23.541715621948242
23.316116333007812, 22.60100746154785, 21.908458709716797
23.453758239746094, 23.206342697143555, 22.46940803527832
24.47159767150879, 25.22258758544922, 25.677967071533203
24.101993560791016, 23.674386978149414, 22.81037139892578
24.460128784179688, 24.038116455078125, 22.687591552734375
23.64548683166504, 22.059242248535156, 20.75301742553711
24.613779067993164, 23.783464431762695, 22.75855827331543
24.72966766357422, 23.633228302001953, 22.152740478515625
22.891511917114258, 21.035253524780273, 19.71050453186035
23.56017303466797, 22.778348922729492, 22.230703353881836
23.423198699951172, 22.868595123291016, 22.028278350830078
23.40304946899414, 22.8468074798584, 21.679567337036133
24.8869571685791, 24.017396926879883, 22.929140090942383
21.57552146911621, 21.577054977416992, 21.824657440185547
24.68250846862793, 24.208873748779297, 23.243892669677734
18.052230834960938, 17.73065185546875, 17.576271057128906
23.892770767211914, 23.05217933654785, 22.40855598449707
23.969642639160156, 23.725650787353516, 23.229557037353516
23.817424774169922, 22.598182678222656, 21.828367233276367
23.25709342956543, 22.58837890625, 20.829755783081055
23.0672607421875, 22.557600021362305, 22.35686492919922
24.03940773010254, 23.30936050415039, 22.77570343017578
24.456829071044922, 23.62652587890625, 22.69672966003418
24.966068267822266, 24.445327758789062, 23.0748348236084
23.490543365478516, 23.131271362304688, 22.865442276000977
23.182939529418945, 22.796733856201172, 22.736696243286133
23.442903518676758, 22.94156837463379, 22.97076416015625
24.37859344482422, 23.484817504882812, 23.37933921813965
24.040210723876953, 23.863624572753906, 22.720582962036133
22.589221954345703, 22.448627471923828, 22.121427536010742
24.402812957763672, 23.691940307617188, 23.724300384521484
21.894895553588867, 20.925180435180664, 20.332763671875
24.285017013549805, 24.277149200439453, 22.993953704833984
21.15756607055664, 20.37319564819336, 19.823776245117188
23.51127815246582, 23.54072380065918, 22.955860137939453
24.28420066833496, 23.572935104370117, 23.30902099609375
24.54248046875, 24.39497947692871, 23.667255401611328
23.612085342407227, 22.043346405029297, 21.325088500976562
24.223037719726562, 23.420812606811523, 22.572887420654297
23.403287887573242, 22.099082946777344, 20.63638687133789
23.465953826904297, 23.1248722076416, 22.801616668701172
23.199386596679688, 21.48560333251953, 20.305747985839844
21.239013671875, 20.47826385498047, 20.06170082092285
23.420501708984375, 22.70964241027832, 22.09845542907715
23.251928329467773, 22.900794982910156, 23.49603271484375
24.371780395507812, 23.370573043823242, 23.130245208740234
22.81590461730957, 21.037858963012695, 19.765541076660156
19.930830001831055, 19.38960075378418, 19.06134796142578
23.64395523071289, 23.25896644592285, 22.836111068725586
24.36162567138672, 24.017175674438477, 23.18666648864746
24.37036895751953, 23.379131317138672, 22.630735397338867
25.016801834106445, 23.37368392944336, 22.90238380432129
24.017549514770508, 23.634191513061523, 23.47869300842285
24.139163970947266, 23.911087036132812, 22.88092041015625
22.61823081970215, 21.64137077331543, 20.963397979736328
23.871219635009766, 23.34077262878418, 22.491825103759766
24.3990535736084, 23.638158798217773, 22.618541717529297
24.553197860717773, 24.048381805419922, 23.297651290893555
22.443866729736328, 21.26227378845215, 20.885435104370117
22.561384201049805, 21.59139060974121, 20.988916397094727
23.989473342895508, 23.189739227294922, 22.206193923950195
23.54753875732422, 22.25209617614746, 21.274545669555664
23.25029945373535, 22.01280975341797, 21.187938690185547
24.521284103393555, 23.95117950439453, 22.30497932434082
23.418630599975586, 23.15673065185547, 21.98049545288086
21.355144500732422, 20.505970001220703, 20.022809982299805
24.070154190063477, 23.798206329345703, 23.26458168029785
24.50412368774414, 24.319686889648438, 23.196331024169922
24.51683235168457, 23.655014038085938, 23.27107048034668
23.18096351623535, 22.40513801574707, 22.09571647644043
24.110733032226562, 24.026798248291016, 23.165319442749023
24.15549087524414, 22.512622833251953, 20.684417724609375
24.107942581176758, 24.008020401000977, 22.029644012451172
26.42426872253418, 24.566022872924805, 23.020999908447266
23.079038619995117, 22.24870491027832, 21.412002563476562
23.305753707885742, 22.03339195251465, 21.13622283935547
25.012163162231445, 24.552873611450195, 23.0274715423584
23.89568519592285, 22.96013641357422, 22.717378616333008
23.653642654418945, 23.2769718170166, 22.014589309692383
24.2237606048584, 23.864063262939453, 22.98257064819336
23.569398880004883, 22.9050350189209, 22.708335876464844
25.202022552490234, 24.25613784790039, 22.698070526123047
24.666147232055664, 24.601913452148438, 23.193639755249023
22.64185333251953, 21.485849380493164, 20.820178985595703
22.833106994628906, 21.266448974609375, 20.44745635986328
20.53107261657715, 19.899879455566406, 19.46493148803711
25.374502182006836, 23.766172409057617, 22.888086318969727
22.02147674560547, 21.483943939208984, 21.21963882446289
25.30478858947754, 23.88930892944336, 22.22767448425293
23.655057907104492, 22.663105010986328, 22.198266983032227
23.883472442626953, 23.568790435791016, 23.993133544921875
23.85079002380371, 23.095088958740234, 23.09440803527832
23.798349380493164, 23.345956802368164, 22.922897338867188
23.495161056518555, 21.460620880126953, 19.81523323059082
22.32037353515625, 21.771223068237305, 21.21720314025879
26.45263671875, 23.915767669677734, 22.384010314941406
24.19852066040039, 23.7308406829834, 22.29585838317871
24.16562271118164, 23.671354293823242, 22.84573745727539
24.624055862426758, 23.87610626220703, 23.333749771118164
25.140127182006836, 23.849924087524414, 22.20034408569336
26.398345947265625, 23.84259796142578, 23.837034225463867
24.029016494750977, 22.804637908935547, 22.231752395629883
23.772594451904297, 22.965782165527344, 21.68465805053711
24.95844268798828, 23.360204696655273, 22.451438903808594
24.06836700439453, 23.03533363342285, 22.563825607299805
24.39533233642578, 23.678245544433594, 22.33730697631836
22.81268882751465, 21.49277687072754, 19.762903213500977
22.60970115661621, 21.663585662841797, 21.087709426879883
24.51079750061035, 24.15963363647461, 22.568864822387695
26.24075698852539, 24.240495681762695, 22.909820556640625
24.594524383544922, 23.6309871673584, 23.350332260131836
21.85106658935547, 21.240909576416016, 20.844345092773438
23.622507095336914, 23.121932983398438, 22.154075622558594
22.677854537963867, 20.9368896484375, 19.396289825439453
24.55508041381836, 24.465164184570312, 23.237693786621094
24.777576446533203, 23.520103454589844, 22.7418270111084
22.648157119750977, 22.173635482788086, 21.43440055847168
24.096376419067383, 23.93840789794922, 22.140518188476562
24.486255645751953, 24.55950164794922, 23.51590347290039
23.55240249633789, 22.943130493164062, 22.293184280395508
24.03706169128418, 23.59841537475586, 22.314252853393555
24.274761199951172, 22.970396041870117, 21.368234634399414
24.76943588256836, 23.279464721679688, 22.68550682067871
23.537904739379883, 22.22969627380371, 21.793834686279297
24.194091796875, 23.878231048583984, 23.130298614501953
23.411304473876953, 23.238162994384766, 22.35858917236328
23.538942337036133, 22.749927520751953, 22.493724822998047
23.761600494384766, 23.43353843688965, 23.14629364013672
23.577096939086914, 23.210771560668945, 22.031173706054688
24.663021087646484, 23.72200584411621, 23.000268936157227
23.844589233398438, 23.13323974609375, 22.689918518066406
23.62542724609375, 22.011507034301758, 20.66825294494629
24.649757385253906, 23.636367797851562, 22.778675079345703
24.369831085205078, 22.734329223632812, 21.469141006469727
23.949432373046875, 23.8660888671875, 23.29905891418457
23.876781463623047, 23.095890045166016, 22.23780632019043
23.383203506469727, 22.489704132080078, 21.799236297607422
25.393951416015625, 23.472387313842773, 21.742202758789062
24.609882354736328, 22.416746139526367, 20.963050842285156
23.68515968322754, 22.130840301513672, 21.27781867980957
24.07930564880371, 23.677587509155273, 22.917001724243164
23.616226196289062, 23.229869842529297, 23.76110076904297
24.56792449951172, 23.144596099853516, 21.64891815185547
23.817420959472656, 23.53253173828125, 22.671314239501953
24.238582611083984, 23.747663497924805, 23.03449249267578
24.298980712890625, 23.18672752380371, 22.520795822143555
22.747413635253906, 22.556190490722656, 22.166141510009766
22.295076370239258, 21.537586212158203, 20.643749237060547
22.69406509399414, 22.218643188476562, 21.512611389160156
24.292728424072266, 22.01818084716797, 20.328351974487305
24.352537155151367, 23.74104118347168, 23.118242263793945
24.27881622314453, 23.41353416442871, 23.103221893310547
24.232202529907227, 23.621360778808594, 23.18327522277832
23.675607681274414, 24.113096237182617, 24.010765075683594
22.695512771606445, 22.163862228393555, 21.8453369140625
23.921430587768555, 23.673385620117188, 22.82650375366211
23.78927993774414, 23.43317222595215, 22.788259506225586
23.05898666381836, 23.161684036254883, 22.041967391967773
24.465045928955078, 23.93364906311035, 23.204851150512695
24.849586486816406, 22.9560546875, 21.45391273498535
24.811004638671875, 22.918407440185547, 21.5904598236084
24.312808990478516, 24.482467651367188, 23.589303970336914
23.84515953063965, 22.656593322753906, 22.089609146118164
21.617677688598633, 19.821468353271484, 18.847156524658203
24.160024642944336, 23.26091194152832, 21.052949905395508
24.34056282043457, 22.921022415161133, 21.421833038330078
21.36253547668457, 20.34760856628418, 19.72421646118164
24.746854782104492, 23.934383392333984, 22.833471298217773
23.715503692626953, 22.11063575744629, 21.031124114990234
23.398014068603516, 22.330684661865234, 21.192888259887695
24.643280029296875, 23.588171005249023, 23.18996238708496
23.32007598876953, 23.27226448059082, 22.555891036987305
24.014310836791992, 23.11714744567871, 22.634586334228516
23.86329460144043, 23.253028869628906, 22.584110260009766
23.1550350189209, 21.491092681884766, 20.14555549621582
23.168521881103516, 21.616533279418945, 20.653112411499023
22.52484893798828, 22.399005889892578, 21.74848747253418
24.905059814453125, 23.36700439453125, 21.748409271240234
24.457130432128906, 23.670305252075195, 22.448469161987305
23.912919998168945, 23.70553207397461, 23.03417205810547
23.348133087158203, 22.587003707885742, 22.06228256225586
26.62125587463379, 24.060104370117188, 22.539575576782227
23.558181762695312, 22.626386642456055, 22.475341796875
23.274532318115234, 22.9542236328125, 22.265661239624023
23.19184684753418, 21.375322341918945, 20.471172332763672
25.04163360595703, 23.097309112548828, 21.350839614868164
23.42902183532715, 21.928268432617188, 21.105937957763672
24.18597412109375, 24.496063232421875, 24.41667938232422
23.544187545776367, 21.755659103393555, 20.09857177734375
24.02925682067871, 24.40959358215332, 24.273468017578125
23.36124610900879, 22.944509506225586, 22.951087951660156
22.17179298400879, 21.15322494506836, 20.51544189453125
23.207788467407227, 22.836318969726562, 21.90036964416504
24.054096221923828, 24.39736557006836, 22.894742965698242
23.059606552124023, 22.564411163330078, 22.378395080566406
22.641887664794922, 22.16564178466797, 21.974210739135742
25.34735679626465, 24.38323211669922, 22.33868980407715
23.88961410522461, 23.086523056030273, 22.957094192504883
24.47286605834961, 24.099895477294922, 23.188919067382812
23.891489028930664, 23.07762336730957, 22.67642593383789
23.76093292236328, 22.839561462402344, 22.34674835205078
23.946176528930664, 23.711772918701172, 23.83708381652832
24.322711944580078, 23.371461868286133, 23.519161224365234
24.41227149963379, 23.178003311157227, 22.48659324645996
23.746755599975586, 23.315786361694336, 23.157939910888672
24.496131896972656, 23.86699104309082, 23.141937255859375
24.377656936645508, 24.0726318359375, 23.73511505126953
24.546123504638672, 23.45288848876953, 21.97171974182129
24.21419906616211, 23.739938735961914, 22.775985717773438
24.50640869140625, 24.785531997680664, 23.286327362060547
25.173233032226562, 23.543384552001953, 22.160551071166992
24.23125457763672, 23.660541534423828, 23.304885864257812
21.946548461914062, 21.595664978027344, 21.31866455078125
24.049673080444336, 23.840660095214844, 23.479907989501953
23.016977310180664, 22.61868667602539, 22.085458755493164
23.44387435913086, 23.049118041992188, 21.609569549560547
22.710729598999023, 22.178163528442383, 21.803489685058594
20.990283966064453, 20.30768394470215, 19.932165145874023
24.17227554321289, 23.847164154052734, 23.08624267578125
23.34868812561035, 22.708784103393555, 21.7752628326416
22.847246170043945, 21.80877113342285, 21.141756057739258
23.652141571044922, 24.05724334716797, 22.94504737854004
24.306936264038086, 23.231834411621094, 22.3443603515625
24.248565673828125, 23.989864349365234, 22.078420639038086
25.294538497924805, 24.243743896484375, 22.803449630737305
24.200056076049805, 23.73008155822754, 23.075098037719727
22.44475746154785, 22.324752807617188, 21.750110626220703
22.428476333618164, 21.833393096923828, 21.099212646484375
23.828338623046875, 23.685466766357422, 22.874439239501953
23.531230926513672, 22.824499130249023, 22.700815200805664
24.56260108947754, 23.965652465820312, 22.77471923828125
23.29706382751465, 22.848600387573242, 23.010831832885742
24.020177841186523, 24.311182022094727, 23.690561294555664
25.01537322998047, 23.579544067382812, 24.339757919311523
24.08617401123047, 23.84204864501953, 22.749984741210938
22.995752334594727, 21.48348617553711, 20.199417114257812
24.25847625732422, 23.530052185058594, 23.231950759887695
22.643226623535156, 21.552379608154297, 20.323036193847656
24.437868118286133, 24.045244216918945, 22.991859436035156
21.51235580444336, 20.62360382080078, 20.18643569946289
24.245006561279297, 24.205432891845703, 22.906761169433594
23.428808212280273, 22.528425216674805, 22.22385025024414
23.69777488708496, 23.382490158081055, 21.74350929260254
24.212404251098633, 23.842912673950195, 22.82171630859375
23.637897491455078, 23.099266052246094, 22.887537002563477
28.52837562561035, 23.60934066772461, 21.616331100463867
23.563581466674805, 22.684804916381836, 22.456035614013672
22.634599685668945, 21.985942840576172, 21.561281204223633
23.711158752441406, 23.469907760620117, 22.361459732055664
24.16816520690918, 23.72007179260254, 23.371063232421875
24.64719009399414, 23.490707397460938, 22.590118408203125
23.937387466430664, 23.563295364379883, 22.313180923461914
24.40709114074707, 23.72808074951172, 23.177730560302734
22.606121063232422, 21.569087982177734, 20.829423904418945
24.509580612182617, 22.527666091918945, 20.717029571533203
24.278470993041992, 23.44997787475586, 21.871536254882812
23.88490867614746, 23.360990524291992, 23.373523712158203
23.772602081298828, 23.399341583251953, 22.359983444213867
23.997055053710938, 23.67772674560547, 23.205101013183594
23.954025268554688, 23.541671752929688, 22.75050163269043
25.54783821105957, 23.94993019104004, 22.137123107910156
24.47551727294922, 23.60285186767578, 22.162111282348633
24.459457397460938, 23.89931869506836, 23.089462280273438
24.71539306640625, 23.81244659423828, 23.756797790527344
21.07559585571289, 20.44293212890625, 20.039905548095703
23.936847686767578, 23.692440032958984, 22.643110275268555
23.94464111328125, 24.289905548095703, 25.53611946105957
23.962749481201172, 24.04376983642578, 22.503129959106445
24.576562881469727, 23.262948989868164, 23.51250457763672
20.47266960144043, 19.848770141601562, 19.438453674316406
23.86203384399414, 23.15618324279785, 21.428579330444336
22.064769744873047, 21.79886245727539, 21.29702377319336
23.943750381469727, 24.57216453552246, 23.136098861694336
24.028221130371094, 23.329025268554688, 22.96533966064453
24.818727493286133, 24.443552017211914, 22.692893981933594
24.156631469726562, 22.84920883178711, 22.521270751953125
21.56275177001953, 20.481164932250977, 19.90557861328125
26.162456512451172, 23.885873794555664, 22.38561248779297
24.09727668762207, 23.596149444580078, 22.65927505493164
22.555557250976562, 22.197004318237305, 21.66800308227539
21.590147018432617, 20.516571044921875, 19.698034286499023
25.33902359008789, 23.18219757080078, 22.405662536621094
23.102773666381836, 22.433996200561523, 22.069501876831055
24.126989364624023, 23.096670150756836, 21.712949752807617
24.398557662963867, 24.43457794189453, 23.58938980102539
24.085098266601562, 25.72126007080078, 23.64933967590332
23.925016403198242, 23.25751495361328, 22.589292526245117
24.164203643798828, 24.362571716308594, 23.462526321411133
24.143640518188477, 23.48692512512207, 22.772592544555664
28.127140045166016, 24.34200096130371, 22.915857315063477
24.53860855102539, 23.856136322021484, 23.09233856201172
24.9593448638916, 24.09252166748047, 23.93438720703125
22.213769912719727, 21.052640914916992, 20.331174850463867
24.710493087768555, 23.560260772705078, 23.49009895324707
24.29952621459961, 23.778121948242188, 23.78150177001953
24.912471771240234, 24.857227325439453, 22.939067840576172
23.823152542114258, 23.043380737304688, 22.59991455078125
23.16629409790039, 22.31426429748535, 21.85028839111328
23.750871658325195, 23.671253204345703, 23.01079559326172
22.079036712646484, 21.32594871520996, 20.763151168823242
24.175554275512695, 23.972240447998047, 23.681344985961914
24.088594436645508, 23.1444149017334, 21.602678298950195
23.648679733276367, 22.971385955810547, 22.577362060546875
23.88922119140625, 22.75324058532715, 22.7709903717041
23.499256134033203, 23.33213996887207, 22.923856735229492
23.16568946838379, 22.923587799072266, 22.689287185668945
22.685583114624023, 22.16800880432129, 21.13178062438965
21.842727661132812, 20.783363342285156, 20.126724243164062
24.15548324584961, 23.284870147705078, 21.905254364013672
24.761476516723633, 23.76675796508789, 23.52847671508789
23.50682258605957, 22.24237060546875, 21.71541976928711
23.70037078857422, 23.410255432128906, 22.5769100189209
23.805444717407227, 23.020002365112305, 24.16921043395996
22.915569305419922, 22.12290382385254, 20.945451736450195
24.16379165649414, 23.754947662353516, 22.299108505249023
23.853918075561523, 23.670604705810547, 23.424531936645508
22.841157913208008, 21.801822662353516, 21.081443786621094
21.3062801361084, 20.31916046142578, 19.809309005737305
22.715879440307617, 21.462310791015625, 20.650306701660156
24.300745010375977, 23.556917190551758, 22.402164459228516
24.3333740234375, 24.187881469726562, 22.511341094970703
23.255054473876953, 22.34496307373047, 21.693836212158203
24.053253173828125, 23.78097915649414, 23.639694213867188
23.761018753051758, 23.428621292114258, 23.039403915405273
24.42768669128418, 23.596221923828125, 22.2314395904541
24.106847763061523, 23.279830932617188, 22.101896286010742
24.548221588134766, 23.652996063232422, 23.32798957824707
23.45402717590332, 22.89263153076172, 22.233293533325195
26.34463119506836, 24.649822235107422, 22.148948669433594
24.080121994018555, 23.80462646484375, 22.647125244140625
23.0694580078125, 23.851970672607422, 21.755308151245117
23.680335998535156, 23.838254928588867, 22.79926300048828
24.751588821411133, 24.287202835083008, 25.571317672729492
24.293411254882812, 24.32564926147461, 23.455841064453125
23.93389892578125, 24.265377044677734, 24.13911247253418
23.710752487182617, 23.132312774658203, 22.448562622070312
24.381439208984375, 23.190793991088867, 22.192781448364258
23.490121841430664, 22.97688102722168, 22.127588272094727
23.85698127746582, 22.841215133666992, 21.417558670043945
20.574710845947266, 20.302637100219727, 20.156051635742188
24.06903648376465, 24.013952255249023, 23.112722396850586
24.3685302734375, 23.975238800048828, 21.647531509399414
24.321758270263672, 23.701095581054688, 22.67784881591797
25.182382583618164, 22.71290397644043, 20.562891006469727
23.49049186706543, 22.95226287841797, 21.816822052001953
24.150449752807617, 24.152225494384766, 23.847122192382812
24.739002227783203, 23.991565704345703, 23.0441951751709
24.870956420898438, 23.736732482910156, 21.393585205078125
24.509952545166016, 24.198583602905273, 23.240591049194336
24.834054946899414, 22.69440460205078, 21.67874526977539
23.565279006958008, 22.8680362701416, 21.913541793823242
25.798534393310547, 24.507160186767578, 22.296369552612305
20.590757369995117, 19.70252799987793, 19.017051696777344
24.644187927246094, 23.795534133911133, 23.44907569885254
22.74514389038086, 21.80428695678711, 21.3624324798584
23.337400436401367, 22.55445671081543, 21.68336296081543
24.10386085510254, 23.317705154418945, 22.476154327392578
25.65198516845703, 25.009891510009766, 22.844297409057617
24.23737907409668, 23.372798919677734, 22.080856323242188
21.827159881591797, 21.032917022705078, 20.541080474853516
22.192811965942383, 20.893657684326172, 20.010208129882812
23.478544235229492, 21.78131675720215, 20.825685501098633
25.992843627929688, 23.638628005981445, 21.81369972229004
23.04827117919922, 23.09435272216797, 21.9038143157959
26.9296875, 25.383056640625, 22.93039894104004
23.676387786865234, 23.407949447631836, 22.34585189819336
22.901233673095703, 22.26633071899414, 22.24504280090332
23.83843421936035, 23.368694305419922, 22.49648094177246
23.786754608154297, 23.11808204650879, 22.283708572387695
23.875919342041016, 23.244953155517578, 22.570533752441406
22.881465911865234, 22.029857635498047, 21.44740104675293
28.01039695739746, 24.193042755126953, 22.9654483795166
23.40751838684082, 22.714405059814453, 22.709697723388672
24.033836364746094, 23.51894187927246, 24.239055633544922
23.96168327331543, 23.502944946289062, 22.427139282226562
24.615829467773438, 24.668533325195312, 23.509559631347656
24.136539459228516, 23.404020309448242, 21.971590042114258
24.33240509033203, 22.852664947509766, 20.857662200927734
22.835092544555664, 22.40699577331543, 22.43185806274414
24.52381706237793, 23.57514762878418, 23.146488189697266
25.1927547454834, 24.099613189697266, 22.38825798034668
22.019264221191406, 21.377412796020508, 21.11290740966797
24.05735969543457, 24.046972274780273, 23.688617706298828
24.27758026123047, 23.32438087463379, 23.03240203857422
25.73869514465332, 23.408985137939453, 21.713401794433594
22.96971321105957, 22.25050163269043, 21.8393497467041
23.805177688598633, 23.051246643066406, 22.275745391845703
23.345924377441406, 23.145437240600586, 23.118989944458008
23.44709587097168, 22.850927352905273, 21.975032806396484
25.108192443847656, 22.947765350341797, 20.86440658569336
23.549213409423828, 22.61798095703125, 22.24441909790039
24.01279640197754, 24.155466079711914, 23.643535614013672
21.235065460205078, 20.19812774658203, 19.46013641357422
23.020484924316406, 22.550506591796875, 21.47271728515625
24.83135414123535, 24.00115966796875, 21.79542350769043
24.77064323425293, 23.450721740722656, 22.657169342041016
24.51375961303711, 24.04601287841797, 22.91730499267578
24.983564376831055, 23.566125869750977, 22.574743270874023
20.79608917236328, 20.409038543701172, 20.309141159057617
23.61261749267578, 24.80630874633789, 26.6343936920166
22.578449249267578, 22.03662872314453, 21.614917755126953
19.836153030395508, 19.14784812927246, 18.75605583190918
23.982316970825195, 23.2871150970459, 22.312772750854492
26.267560958862305, 26.494354248046875, 22.822223663330078
23.96123504638672, 23.177453994750977, 23.14136505126953
24.030853271484375, 24.037822723388672, 22.758939743041992
22.6937198638916, 22.100788116455078, 21.72765350341797
24.484304428100586, 24.003013610839844, 24.983251571655273
23.464933395385742, 23.133007049560547, 25.864242553710938
25.10257339477539, 23.561006546020508, 22.067975997924805
23.624238967895508, 22.888275146484375, 22.39278793334961
23.482654571533203, 22.943151473999023, 21.93796730041504
20.505460739135742, 19.2257022857666, 18.48101234436035
24.88143539428711, 23.591365814208984, 22.223081588745117
24.515182495117188, 24.048906326293945, 23.789648056030273
24.09933090209961, 23.21563720703125, 22.841487884521484
24.585529327392578, 23.67340850830078, 21.881040573120117
24.246374130249023, 22.92207908630371, 21.478965759277344
23.808259963989258, 23.13986587524414, 22.61174774169922
23.80551528930664, 23.60686683654785, 22.949642181396484
23.25693702697754, 22.797237396240234, 22.51206398010254
23.318592071533203, 23.51626205444336, 22.829830169677734
24.661401748657227, 23.450510025024414, 22.170576095581055
26.11844253540039, 24.44183349609375, 22.34526824951172
21.498130798339844, 20.169540405273438, 19.405330657958984
24.8106689453125, 23.148588180541992, 21.296327590942383
24.603471755981445, 23.841350555419922, 23.495140075683594
23.939342498779297, 22.93708038330078, 22.58662223815918
24.944917678833008, 23.508291244506836, 22.919967651367188
23.578628540039062, 22.935375213623047, 22.298320770263672
25.078332901000977, 23.60791778564453, 22.80888557434082
25.049449920654297, 23.497840881347656, 21.626405715942383
23.865272521972656, 23.09391975402832, 22.48541831970215
22.929866790771484, 22.68021583557129, 21.72885513305664
23.682437896728516, 22.919687271118164, 21.20362663269043
23.832542419433594, 23.421894073486328, 23.097070693969727
24.451616287231445, 23.7951602935791, 23.11017608642578
24.366872787475586, 23.954345703125, 23.522104263305664
25.021419525146484, 24.028953552246094, 22.148645401000977
22.996685028076172, 22.313703536987305, 20.9768009185791
23.741153717041016, 22.878904342651367, 22.61625862121582
23.634225845336914, 22.95336151123047, 21.577085494995117
23.36179542541504, 22.611696243286133, 21.579084396362305
23.786964416503906, 23.08745574951172, 22.621797561645508
24.38616180419922, 23.275859832763672, 22.296720504760742
24.232421875, 23.818603515625, 23.368709564208984
24.099822998046875, 24.391016006469727, 23.548683166503906
24.3416748046875, 23.59206199645996, 22.429550170898438
23.5154972076416, 23.470890045166016, 22.2767391204834
23.95506477355957, 23.117990493774414, 21.789634704589844
24.395984649658203, 24.045223236083984, 22.858732223510742
23.83116912841797, 23.887786865234375, 22.27405548095703
24.665945053100586, 23.979345321655273, 23.771940231323242
23.186458587646484, 22.98406219482422, 22.942590713500977
22.345075607299805, 20.989646911621094, 19.92691993713379
23.996614456176758, 24.40007209777832, 23.443449020385742
24.00419807434082, 23.78757095336914, 22.669452667236328
24.256732940673828, 24.6066837310791, 23.53139877319336
23.78567123413086, 23.36393165588379, 23.140914916992188
24.28053092956543, 23.299116134643555, 23.47451400756836
23.52918243408203, 22.88568115234375, 22.439624786376953
24.26337432861328, 22.934295654296875, 21.9134464263916
23.77538299560547, 23.103443145751953, 22.74822998046875
24.302457809448242, 23.442291259765625, 23.2165470123291
24.39991569519043, 22.9914493560791, 21.28473472595215
27.11893653869629, 23.88037872314453, 21.717304229736328
22.90553855895996, 21.395797729492188, 20.335777282714844
23.432220458984375, 22.69034194946289, 21.172679901123047
24.278961181640625, 22.492712020874023, 20.65121078491211
23.16391944885254, 22.768402099609375, 22.567407608032227
23.31480598449707, 21.387157440185547, 19.73780059814453
23.686603546142578, 23.214967727661133, 22.347288131713867
23.425247192382812, 22.948076248168945, 22.558971405029297
20.340368270874023, 19.497390747070312, 18.902706146240234
22.941604614257812, 22.515888214111328, 21.89468765258789
22.695140838623047, 21.692209243774414, 21.24142074584961
23.269868850708008, 21.540260314941406, 20.015378952026367
25.85491371154785, 23.711727142333984, 22.80599594116211
23.841495513916016, 21.85756492614746, 20.51608657836914
24.02311897277832, 23.490619659423828, 21.771717071533203
21.402673721313477, 20.592575073242188, 20.03933334350586
22.603317260742188, 22.02988052368164, 21.67757225036621
24.50433349609375, 23.36058807373047, 22.432605743408203
26.381650924682617, 24.49209213256836, 22.954113006591797
25.25684928894043, 24.894515991210938, 23.136388778686523
24.559165954589844, 24.289960861206055, 22.778654098510742
24.897808074951172, 23.72718620300293, 22.872400283813477
24.870492935180664, 23.705379486083984, 23.53008270263672
24.582103729248047, 23.878414154052734, 22.260807037353516
24.268863677978516, 24.347654342651367, 26.977188110351562
24.40934944152832, 23.101572036743164, 21.679752349853516
24.431272506713867, 24.14521026611328, 22.50863265991211
24.085891723632812, 23.665563583374023, 23.43164825439453
21.347808837890625, 20.821561813354492, 20.41188621520996
24.10892105102539, 23.35772132873535, 22.56519889831543
24.279123306274414, 24.185598373413086, 23.400390625
24.127708435058594, 23.943513870239258, 23.222335815429688
23.576404571533203, 22.604955673217773, 21.760622024536133
23.689455032348633, 23.09733772277832, 23.01046371459961
22.736576080322266, 22.529083251953125, 21.795188903808594
25.152381896972656, 24.2995662689209, 23.4577579498291
24.708087921142578, 23.409814834594727, 22.78583526611328
23.225046157836914, 22.44782066345215, 21.423112869262695
23.802106857299805, 22.028043746948242, 20.98819351196289
22.438669204711914, 22.187015533447266, 21.973690032958984
21.786008834838867, 19.99652862548828, 18.95035171508789
21.701093673706055, 20.97672462463379, 20.558565139770508
22.967384338378906, 21.512121200561523, 20.615352630615234
24.250499725341797, 23.699119567871094, 22.38937759399414
23.859045028686523, 22.09307861328125, 21.147037506103516
23.426694869995117, 23.30203628540039, 22.434415817260742
23.05171775817871, 21.920778274536133, 21.274112701416016
23.87270164489746, 22.870193481445312, 21.636011123657227
23.459270477294922, 23.077842712402344, 21.90167236328125
22.82426643371582, 22.408655166625977, 22.496688842773438
24.095741271972656, 24.25386619567871, 23.187864303588867
25.378572463989258, 23.887065887451172, 23.25710678100586
24.19631004333496, 23.438241958618164, 22.422101974487305
23.84243392944336, 24.088176727294922, 23.871868133544922
24.01695442199707, 23.902271270751953, 23.522884368896484
21.530736923217773, 20.458309173583984, 19.73675537109375
25.463212966918945, 24.298147201538086, 22.10291290283203
22.357933044433594, 21.714759826660156, 21.310203552246094
24.149017333984375, 24.271408081054688, 24.04576873779297
24.548593521118164, 23.28986358642578, 22.226560592651367
24.469770431518555, 23.844093322753906, 23.326248168945312
22.206296920776367, 21.589012145996094, 21.14312171936035
24.74651336669922, 22.748889923095703, 21.241336822509766
23.78891372680664, 22.78116798400879, 21.58262062072754
23.258129119873047, 22.898393630981445, 21.93619155883789
23.935632705688477, 22.836654663085938, 20.994447708129883
23.837318420410156, 22.766176223754883, 21.989534378051758
24.133262634277344, 23.437971115112305, 23.107437133789062
24.859609603881836, 23.50373077392578, 21.890512466430664
24.11387062072754, 23.90408706665039, 23.062971115112305
23.593210220336914, 21.68150520324707, 20.32807731628418
24.359901428222656, 24.253747940063477, 22.832645416259766
24.754648208618164, 23.738325119018555, 23.168546676635742
24.600786209106445, 22.9580135345459, 21.37276268005371
21.291309356689453, 20.712478637695312, 20.38449478149414
23.94727325439453, 21.933658599853516, 20.48136329650879
23.135589599609375, 22.99993133544922, 22.88077735900879
24.049528121948242, 24.248184204101562, 26.933076858520508
21.512725830078125, 19.8955020904541, 19.04851722717285
24.515710830688477, 23.73920249938965, 23.53853988647461
23.00698471069336, 21.9576416015625, 21.47809600830078
22.979049682617188, 21.978429794311523, 21.504600524902344
23.531126022338867, 22.926223754882812, 22.394859313964844
21.155536651611328, 20.66221046447754, 20.330055236816406
24.89200782775879, 23.781234741210938, 22.471107482910156
24.801647186279297, 23.16314125061035, 21.52050018310547
25.258237838745117, 24.507770538330078, 22.69542121887207
23.210479736328125, 22.9573917388916, 22.822250366210938
23.441387176513672, 22.393386840820312, 21.83314323425293
22.64739990234375, 20.78757095336914, 19.891340255737305
24.000450134277344, 23.706695556640625, 23.735445022583008
24.402694702148438, 24.96873664855957, 24.418365478515625
24.478979110717773, 23.517210006713867, 23.119848251342773
24.272228240966797, 23.237262725830078, 22.62715721130371
23.29776954650879, 22.95733642578125, 22.994550704956055
24.20826530456543, 24.09710121154785, 22.773256301879883
22.78244972229004, 21.458480834960938, 20.360523223876953
24.09541893005371, 22.760452270507812, 21.7275390625
21.878196716308594, 20.797548294067383, 20.195003509521484
24.685571670532227, 25.08938980102539, 23.374122619628906
24.312511444091797, 24.218996047973633, 23.313037872314453
22.56427764892578, 22.040597915649414, 21.536163330078125
23.213308334350586, 21.980321884155273, 21.323627471923828
17.765880584716797, 17.316791534423828, 17.043062210083008
24.40028953552246, 24.270904541015625, 23.631107330322266
23.585159301757812, 23.468721389770508, 23.11051368713379
24.387371063232422, 24.23119354248047, 23.79578971862793
24.056713104248047, 24.454275131225586, 22.99239730834961
24.131366729736328, 23.668087005615234, 26.090190887451172
24.57615089416504, 24.463232040405273, 23.84660530090332
23.71719741821289, 22.818626403808594, 22.053855895996094
24.557191848754883, 24.29413604736328, 23.707077026367188
20.118099212646484, 19.373926162719727, 18.90383529663086
24.517702102661133, 23.519636154174805, 23.576833724975586
23.753631591796875, 23.342525482177734, 23.069660186767578
24.199525833129883, 24.33898162841797, 23.936573028564453
25.213912963867188, 24.121183395385742, 23.224014282226562
21.645421981811523, 20.431320190429688, 19.688535690307617
22.68240737915039, 21.33155059814453, 20.33261489868164
24.64118003845215, 24.719024658203125, 25.16176986694336
24.278560638427734, 23.95317840576172, 22.765539169311523
23.235300064086914, 22.4650936126709, 21.853443145751953
23.34111976623535, 22.5811710357666, 22.092931747436523
24.421669006347656, 22.670164108276367, 20.715547561645508
24.611209869384766, 23.52178955078125, 23.147836685180664
23.449926376342773, 22.392675399780273, 21.503477096557617
24.81535530090332, 23.741317749023438, 23.282527923583984
23.467323303222656, 22.86786651611328, 21.799772262573242
24.923982620239258, 24.356473922729492, 23.524459838867188
24.13330078125, 24.103059768676758, 24.04888343811035
24.600975036621094, 24.11981964111328, 23.435380935668945
23.85706329345703, 22.971599578857422, 22.25786781311035
23.13554573059082, 22.9969539642334, 22.818038940429688
24.029708862304688, 23.130918502807617, 22.74655532836914
24.104385375976562, 23.279937744140625, 22.670650482177734
22.720735549926758, 21.798328399658203, 21.340377807617188
24.96978187561035, 24.03457260131836, 22.845230102539062
24.612140655517578, 24.869022369384766, 26.09058380126953
23.61771583557129, 23.205524444580078, 23.136760711669922
23.87196159362793, 23.458372116088867, 22.815765380859375
24.335269927978516, 22.97664451599121, 22.575626373291016
24.646089553833008, 23.779207229614258, 23.571805953979492
20.222881317138672, 19.550859451293945, 19.0927677154541
24.7934513092041, 23.747222900390625, 23.25835418701172
24.14688491821289, 23.95348358154297, 23.79420280456543
23.110841751098633, 21.528064727783203, 20.55142593383789
24.277292251586914, 23.352964401245117, 21.638652801513672
24.205219268798828, 23.353595733642578, 23.056184768676758
23.88233757019043, 23.184343338012695, 22.9143123626709
23.85951805114746, 23.55778694152832, 22.830778121948242
24.258846282958984, 23.631616592407227, 23.583528518676758
24.364059448242188, 23.83985137939453, 23.634334564208984
23.228254318237305, 22.621971130371094, 21.4718017578125
27.993247985839844, 25.50999641418457, 22.829538345336914
24.324342727661133, 24.30905532836914, 23.132854461669922
23.792997360229492, 23.866098403930664, 23.02971076965332
24.136619567871094, 23.445117950439453, 23.11536979675293
25.028284072875977, 23.23442840576172, 21.905250549316406
22.21999740600586, 21.295188903808594, 20.730262756347656
25.210908889770508, 23.7509765625, 22.60243797302246
23.6638126373291, 23.101898193359375, 21.335710525512695
23.64421844482422, 22.715328216552734, 22.062410354614258
25.428062438964844, 24.3505859375, 22.62588119506836
24.22673225402832, 23.84355926513672, 23.241424560546875
24.213993072509766, 23.44427490234375, 23.746421813964844
24.834375381469727, 23.735031127929688, 23.679309844970703
23.70125961303711, 23.380338668823242, 24.374692916870117
20.644750595092773, 20.829235076904297, 19.843393325805664
24.3940486907959, 24.310863494873047, 23.197181701660156
22.793119430541992, 21.70949935913086, 21.207002639770508
22.62928581237793, 22.217254638671875, 21.677753448486328
23.588603973388672, 22.80016326904297, 21.726154327392578
23.937480926513672, 23.318086624145508, 22.317901611328125
23.200252532958984, 23.037261962890625, 22.288105010986328
23.6876220703125, 22.385765075683594, 21.67438316345215
24.702632904052734, 23.898365020751953, 22.010456085205078
23.06394386291504, 22.582901000976562, 22.096439361572266
21.6490478515625, 20.471065521240234, 19.811050415039062
20.601659774780273, 20.383682250976562, 20.124330520629883
24.223594665527344, 23.988460540771484, 23.222270965576172
24.754892349243164, 22.998435974121094, 21.182842254638672
23.1234073638916, 23.024812698364258, 22.4527587890625
23.682659149169922, 23.37481117248535, 25.081640243530273
24.134695053100586, 23.25394630432129, 22.729463577270508
23.60546112060547, 22.950048446655273, 22.361703872680664
23.872255325317383, 23.60000228881836, 22.90736198425293
22.7253475189209, 22.20263671875, 22.02455711364746
22.614097595214844, 21.96849250793457, 21.428455352783203
23.324575424194336, 22.8974666595459, 22.29214859008789
23.18022346496582, 22.965484619140625, 22.27248191833496
23.992677688598633, 23.468669891357422, 22.885746002197266
24.422332763671875, 24.01404571533203, 23.7835636138916
22.70905876159668, 22.10411834716797, 21.374235153198242
22.876445770263672, 22.48541259765625, 22.24896812438965
22.771312713623047, 20.97403335571289, 19.640426635742188
23.854299545288086, 23.20395851135254, 22.20380401611328
24.197166442871094, 24.264324188232422, 24.07477378845215
25.29043197631836, 23.869991302490234, 22.286602020263672
23.721057891845703, 22.753742218017578, 21.43588638305664
24.388675689697266, 24.472700119018555, 24.18899917602539
24.09088706970215, 22.692005157470703, 21.688045501708984
24.14920997619629, 23.74646759033203, 23.44405174255371
24.997028350830078, 23.589357376098633, 23.389739990234375
21.2429141998291, 20.645252227783203, 20.534225463867188
24.375518798828125, 23.942691802978516, 22.70467758178711
23.24456787109375, 21.478260040283203, 19.73158073425293
24.17499542236328, 23.952377319335938, 23.337732315063477
24.283504486083984, 24.231555938720703, 23.586227416992188
23.71879005432129, 25.043792724609375, 23.741867065429688
24.632118225097656, 23.72545051574707, 22.167665481567383
23.1536808013916, 22.746164321899414, 21.808446884155273
23.51578140258789, 22.445837020874023, 21.505680084228516
21.384140014648438, 20.773164749145508, 20.44196891784668
24.450876235961914, 24.5528621673584, 23.47177505493164
24.698043823242188, 23.875566482543945, 24.330467224121094
24.62798500061035, 23.0062198638916, 22.14931869506836
22.58183479309082, 21.869091033935547, 21.533233642578125
24.139863967895508, 23.407917022705078, 23.195165634155273
24.769411087036133, 23.94324493408203, 24.00071907043457
22.73554039001465, 22.269939422607422, 21.39849853515625
22.946548461914062, 22.25932502746582, 21.11443328857422
23.847673416137695, 22.854496002197266, 22.606658935546875
24.723608016967773, 23.475984573364258, 22.957956314086914
23.581493377685547, 22.06038475036621, 20.779523849487305
24.212177276611328, 23.639341354370117, 23.88560676574707
24.481760025024414, 23.713226318359375, 22.57829475402832
24.24903678894043, 24.380908966064453, 21.74410057067871
24.463441848754883, 23.73287010192871, 23.26551055908203
19.294130325317383, 18.772075653076172, 18.469890594482422
24.144794464111328, 23.377748489379883, 22.902902603149414
21.61063575744629, 20.828678131103516, 20.522354125976562
25.232139587402344, 24.245031356811523, 23.168514251708984
23.877511978149414, 23.578248977661133, 22.853282928466797
22.953704833984375, 22.061246871948242, 21.707008361816406
15.474234580993652, 14.411174774169922, 13.585051536560059
24.46883201599121, 23.74432373046875, 23.66330909729004
22.991565704345703, 22.53007698059082, 22.34725570678711
23.451858520507812, 22.684574127197266, 22.37489891052246
23.69329071044922, 23.031618118286133, 22.495201110839844
25.066383361816406, 24.55150604248047, 22.696453094482422
24.211502075195312, 23.242368698120117, 23.012134552001953
23.843542098999023, 23.850107192993164, 22.93928337097168
24.55712127685547, 23.803085327148438, 23.59868621826172
24.52907943725586, 24.202545166015625, 24.572439193725586
24.840290069580078, 22.4140625, 20.460739135742188
24.82921028137207, 24.21636962890625, 24.893680572509766
23.861961364746094, 23.72226905822754, 23.453672409057617
22.91271209716797, 22.006858825683594, 20.741178512573242
24.352258682250977, 24.153444290161133, 23.871662139892578
24.42691421508789, 24.07440757751465, 23.103567123413086
24.838748931884766, 24.035511016845703, 23.573514938354492
24.33500862121582, 24.413265228271484, 23.036481857299805
18.268741607666016, 17.49603271484375, 17.081470489501953
23.45525360107422, 22.985349655151367, 21.86871337890625
24.509593963623047, 23.970767974853516, 22.372730255126953
22.52290153503418, 21.66324234008789, 21.290597915649414
23.03666114807129, 21.79064178466797, 20.927600860595703
23.056880950927734, 22.263134002685547, 21.557674407958984
15.346409797668457, 14.48752212524414, 13.807059288024902
24.10562515258789, 23.980316162109375, 23.084983825683594
24.14598274230957, 23.827468872070312, 23.539775848388672
23.87259864807129, 23.328109741210938, 22.122509002685547
23.220151901245117, 22.295785903930664, 21.762218475341797
23.468568801879883, 22.71294593811035, 22.7462215423584
24.52412223815918, 24.005725860595703, 23.445899963378906
24.24050521850586, 23.424976348876953, 21.909624099731445
23.618120193481445, 23.635618209838867, 22.672800064086914
23.26412010192871, 22.827463150024414, 22.285146713256836
23.518354415893555, 22.261756896972656, 22.32303237915039
24.460357666015625, 24.281070709228516, 23.55491065979004
26.015775680541992, 25.485191345214844, 22.753557205200195
23.86190414428711, 21.96898078918457, 20.265029907226562
24.18134307861328, 24.134279251098633, 23.667343139648438
24.573644638061523, 23.907283782958984, 21.953777313232422
24.555465698242188, 23.518884658813477, 21.41132926940918
23.186193466186523, 21.808916091918945, 20.353408813476562
24.35300064086914, 23.879833221435547, 23.583267211914062
24.17494010925293, 23.645339965820312, 22.56483268737793
24.212182998657227, 23.70038604736328, 22.57662582397461
22.71163558959961, 22.21937370300293, 21.835147857666016
22.45207405090332, 21.45478057861328, 20.72113609313965
22.987140655517578, 22.87515640258789, 22.268104553222656
23.51280403137207, 23.079748153686523, 22.568626403808594
23.93505096435547, 23.13471794128418, 21.88005256652832
23.86018943786621, 23.380075454711914, 22.416135787963867
22.6422119140625, 21.906261444091797, 21.465539932250977
24.190828323364258, 23.42660903930664, 22.956722259521484
23.384355545043945, 22.64480972290039, 21.375810623168945
23.585285186767578, 22.81878089904785, 22.758258819580078
24.124433517456055, 24.316314697265625, 23.164714813232422
25.13702392578125, 23.757360458374023, 21.8267765045166
25.335865020751953, 24.15583038330078, 22.270469665527344
24.219934463500977, 25.093114852905273, 23.324878692626953
21.319446563720703, 20.709197998046875, 20.328433990478516
23.042041778564453, 22.428131103515625, 22.068544387817383
23.756221771240234, 24.009212493896484, 23.010921478271484
23.85350227355957, 23.56153678894043, 23.614450454711914
22.58055305480957, 21.605918884277344, 20.90450096130371
25.048324584960938, 24.340932846069336, 22.365755081176758
21.693071365356445, 20.826126098632812, 20.303668975830078
23.84578514099121, 23.019071578979492, 22.550020217895508
24.23943519592285, 23.9595890045166, 23.203935623168945
23.880760192871094, 22.156057357788086, 20.89133644104004
23.543367385864258, 23.416597366333008, 22.2965030670166
20.30242919921875, 19.49919319152832, 18.99127197265625
24.292625427246094, 23.533811569213867, 22.567302703857422
22.612037658691406, 21.879283905029297, 21.489051818847656
23.143590927124023, 22.323495864868164, 22.02242088317871
24.379898071289062, 23.11628532409668, 23.051097869873047
23.68021583557129, 22.52661895751953, 21.676015853881836
22.217052459716797, 21.061126708984375, 20.228004455566406
21.305805206298828, 20.593355178833008, 20.056663513183594
23.928251266479492, 23.337343215942383, 22.28129005432129
23.665489196777344, 22.783884048461914, 22.178668975830078
24.98956298828125, 24.02504539489746, 22.43153953552246
23.21689224243164, 22.420490264892578, 21.73043441772461
22.53165054321289, 21.997236251831055, 21.732797622680664
23.884572982788086, 23.384441375732422, 22.464540481567383
21.894620895385742, 20.57929801940918, 19.692039489746094
23.58894920349121, 21.971229553222656, 21.050973892211914
24.05988121032715, 23.032142639160156, 22.274328231811523
24.28649139404297, 23.2686710357666, 22.48558235168457
23.587875366210938, 23.584959030151367, 23.01762580871582
28.05438232421875, 23.811458587646484, 22.444690704345703
23.993867874145508, 23.508832931518555, 22.6113338470459
23.926944732666016, 23.652963638305664, 23.16769027709961
23.504459381103516, 23.41975975036621, 22.830121994018555
22.699626922607422, 22.024818420410156, 21.5830020904541
24.223844528198242, 24.137405395507812, 23.293453216552734
23.341684341430664, 22.43229866027832, 21.905729293823242
23.468271255493164, 22.326658248901367, 20.861385345458984
21.484577178955078, 19.882244110107422, 19.109390258789062
24.680973052978516, 23.802440643310547, 23.009010314941406
24.527631759643555, 23.74681854248047, 23.46136474609375
25.38557243347168, 24.610063552856445, 22.462915420532227
25.000980377197266, 24.48367691040039, 22.505943298339844
23.744976043701172, 22.487878799438477, 21.70873260498047
23.848875045776367, 23.259471893310547, 22.227678298950195
15.255753517150879, 14.401382446289062, 13.70069694519043
23.480403900146484, 22.99291229248047, 23.844785690307617
22.651851654052734, 21.61526107788086, 21.10820770263672
23.092103958129883, 21.819896697998047, 20.51897430419922
22.952112197875977, 22.373157501220703, 22.195003509521484
24.307485580444336, 23.045408248901367, 22.187694549560547
23.617868423461914, 23.700571060180664, 22.68154525756836
25.568836212158203, 23.13360023498535, 21.272417068481445
24.471342086791992, 23.775585174560547, 23.589550018310547
21.90863037109375, 21.630577087402344, 20.76311492919922
22.910280227661133, 21.852176666259766, 21.42461395263672
23.477197647094727, 22.474584579467773, 21.76442527770996
22.820072174072266, 22.635417938232422, 22.031455993652344
23.84186553955078, 25.862548828125, 23.92179298400879
24.286033630371094, 25.341829299926758, 23.60593605041504
25.547624588012695, 23.977527618408203, 22.829349517822266
23.948022842407227, 23.358015060424805, 23.35663604736328
24.245223999023438, 23.931222915649414, 23.652549743652344
25.276674270629883, 23.72592544555664, 22.491777420043945
22.72235870361328, 21.97449493408203, 21.657764434814453
23.331022262573242, 22.079607009887695, 21.012231826782227
23.960813522338867, 23.134733200073242, 22.23106575012207
22.746078491210938, 22.122549057006836, 21.650976181030273
22.007179260253906, 21.234521865844727, 20.9810791015625
24.221872329711914, 23.75850486755371, 23.093969345092773
22.64257049560547, 21.77909278869629, 20.86337661743164
22.161035537719727, 21.120027542114258, 20.716251373291016
24.54292869567871, 24.273361206054688, 22.818166732788086
23.583553314208984, 22.877317428588867, 22.21230125427246
22.045976638793945, 22.008865356445312, 22.424699783325195
24.404224395751953, 23.652700424194336, 22.346229553222656
23.533742904663086, 21.902816772460938, 20.482145309448242
18.145532608032227, 17.17583465576172, 16.507884979248047
23.411062240600586, 21.451026916503906, 19.805208206176758
21.21459197998047, 21.11725616455078, 21.525304794311523
23.09771728515625, 21.651304244995117, 20.393970489501953
24.46182632446289, 23.764429092407227, 23.778005599975586
22.82762908935547, 21.69402313232422, 20.94601821899414
23.609216690063477, 22.116756439208984, 22.716690063476562
23.744943618774414, 23.385120391845703, 22.690475463867188
22.300739288330078, 20.445281982421875, 19.216882705688477
22.515216827392578, 22.3680362701416, 23.509349822998047
25.229127883911133, 24.08477020263672, 22.37947654724121
25.33021354675293, 23.334287643432617, 22.822036743164062
19.995468139648438, 19.489013671875, 19.173503875732422
21.86306381225586, 20.576154708862305, 19.787538528442383
22.043231964111328, 21.26590919494629, 20.814495086669922
24.224382400512695, 24.366064071655273, 26.605497360229492
24.425153732299805, 24.405550003051758, 23.602436065673828
24.751625061035156, 24.17738151550293, 23.773019790649414
22.837678909301758, 22.57392120361328, 21.659936904907227
20.699050903320312, 20.235109329223633, 19.85724639892578
24.766075134277344, 25.718536376953125, 23.816011428833008
25.296268463134766, 24.382783889770508, 22.855398178100586
23.637786865234375, 22.718955993652344, 22.069812774658203
24.567102432250977, 23.90860939025879, 23.84770965576172
23.803659439086914, 23.100248336791992, 22.569461822509766
24.21783447265625, 24.011869430541992, 22.76357650756836
21.428133010864258, 20.380239486694336, 19.805686950683594
22.419979095458984, 21.684757232666016, 20.351604461669922
21.05005645751953, 20.3858699798584, 19.860477447509766
23.24494743347168, 22.888885498046875, 22.415693283081055
22.779109954833984, 21.800823211669922, 21.313453674316406
24.473962783813477, 23.490768432617188, 22.918800354003906
23.883689880371094, 23.473962783813477, 23.02427101135254
24.718860626220703, 23.295915603637695, 22.095867156982422
23.866378784179688, 22.137052536010742, 20.649219512939453
23.87967300415039, 23.00966453552246, 22.603124618530273
23.667137145996094, 22.157573699951172, 21.560810089111328
23.991182327270508, 23.553661346435547, 23.18093490600586
23.069604873657227, 22.101985931396484, 21.435400009155273
23.359968185424805, 22.691814422607422, 21.6262149810791
25.034740447998047, 25.311538696289062, 22.64464569091797
23.70653533935547, 22.82696533203125, 21.642011642456055
24.611669540405273, 23.69345474243164, 23.063648223876953
21.728647232055664, 20.931196212768555, 20.51311683654785
25.67314338684082, 23.560039520263672, 23.835817337036133
22.505146026611328, 21.961090087890625, 21.667409896850586
24.037792205810547, 23.89261817932129, 23.23359489440918
23.43992805480957, 22.35670280456543, 21.717695236206055
23.09050941467285, 22.555137634277344, 21.487348556518555
24.388559341430664, 23.898874282836914, 23.56072998046875
25.255321502685547, 23.89520835876465, 23.328418731689453
22.437313079833984, 21.52900505065918, 20.7257022857666
24.293231964111328, 24.099170684814453, 23.33049774169922
23.804643630981445, 22.96926498413086, 22.877714157104492
22.20600700378418, 21.323917388916016, 20.812660217285156
24.17120361328125, 22.833200454711914, 21.040306091308594
24.44971466064453, 24.112468719482422, 24.3021297454834
18.367334365844727, 17.360645294189453, 16.62411880493164
23.034116744995117, 21.961624145507812, 21.70125389099121
23.633045196533203, 22.75766944885254, 22.751615524291992
24.73017692565918, 24.019512176513672, 23.370481491088867
23.582754135131836, 22.893898010253906, 22.9108829498291
22.221872329711914, 21.03720474243164, 20.64295196533203
23.331588745117188, 22.33744239807129, 21.856603622436523
24.221830368041992, 23.317642211914062, 22.78862953186035
24.284738540649414, 29.049781799316406, 25.510066986083984
25.212387084960938, 23.360034942626953, 22.85520362854004
24.09028434753418, 24.782684326171875, 23.36884307861328
23.230636596679688, 22.816919326782227, 22.235912322998047
23.996004104614258, 23.801237106323242, 24.440410614013672
23.95283317565918, 23.540332794189453, 22.62759780883789
21.47612953186035, 20.69382667541504, 20.181884765625
23.507802963256836, 23.382652282714844, 22.50892448425293
23.853515625, 23.604589462280273, 22.589344024658203
23.705595016479492, 22.061683654785156, 20.44202995300293
20.257747650146484, 19.677291870117188, 19.256546020507812
25.60573959350586, 23.789796829223633, 22.628501892089844
23.100271224975586, 22.56275749206543, 22.299734115600586
24.021183013916016, 23.701372146606445, 22.728797912597656
25.127357482910156, 23.33354949951172, 21.746784210205078
23.64125633239746, 22.894168853759766, 22.16969871520996
24.410228729248047, 22.76464080810547, 21.432374954223633
23.066089630126953, 22.22370147705078, 21.76927947998047
24.79711151123047, 24.36762809753418, 23.939573287963867
24.035314559936523, 22.853166580200195, 21.881099700927734
23.897994995117188, 22.90890121459961, 22.568906784057617
24.533527374267578, 23.77290153503418, 24.270761489868164
22.90494728088379, 21.57512092590332, 20.622007369995117
24.748001098632812, 22.622501373291016, 20.699960708618164
25.92474365234375, 24.39542007446289, 22.24749183654785
23.889820098876953, 23.176687240600586, 22.09273910522461
24.53669548034668, 23.03761863708496, 22.21271324157715
24.494476318359375, 24.15178871154785, 24.525760650634766
23.103816986083984, 21.75044059753418, 20.75372314453125
24.616125106811523, 24.283905029296875, 24.702295303344727
21.941312789916992, 21.22768211364746, 20.738243103027344
23.509584426879883, 22.662147521972656, 22.337242126464844
24.854534149169922, 23.85943603515625, 23.064699172973633
22.48256492614746, 21.251564025878906, 20.45131492614746
23.84615707397461, 22.767946243286133, 21.90715217590332
23.67694091796875, 23.11109733581543, 22.068037033081055
24.474472045898438, 24.282806396484375, 24.10312271118164
23.057727813720703, 22.04778289794922, 20.506793975830078
23.606813430786133, 22.577993392944336, 21.92185401916504
22.860904693603516, 22.458707809448242, 21.74359130859375
23.829225540161133, 22.900653839111328, 22.032840728759766
22.68363380432129, 21.74993896484375, 21.386972427368164
24.034669876098633, 23.10316276550293, 22.16437530517578
23.955305099487305, 23.466516494750977, 22.96696662902832
24.53108024597168, 26.55340003967285, 23.16044044494629
23.690208435058594, 23.53080940246582, 22.79863929748535
25.116586685180664, 25.21053123474121, 23.09676170349121
21.76271629333496, 20.70429039001465, 20.126995086669922
23.708288192749023, 22.441225051879883, 20.812070846557617
23.610624313354492, 23.17133903503418, 22.502750396728516
23.73686981201172, 23.552078247070312, 22.572248458862305
24.530437469482422, 24.032255172729492, 23.458580017089844
23.95509147644043, 23.417707443237305, 23.262392044067383
24.37437629699707, 23.781295776367188, 22.668737411499023
23.675222396850586, 22.958602905273438, 22.493444442749023
24.093515396118164, 23.25039291381836, 22.565475463867188
23.345449447631836, 22.522212982177734, 22.44652557373047
23.89749526977539, 22.944185256958008, 22.716215133666992
24.786083221435547, 24.06230354309082, 22.93284034729004
22.80547332763672, 22.551612854003906, 22.81997299194336
21.2601318359375, 20.436195373535156, 19.855222702026367
24.967025756835938, 23.495399475097656, 22.261226654052734
24.0378475189209, 23.468883514404297, 23.14289093017578
24.210567474365234, 22.883378982543945, 22.26097297668457
21.582836151123047, 20.948389053344727, 20.55491065979004
23.816282272338867, 22.87899398803711, 21.54041290283203
23.49492835998535, 22.82921600341797, 22.354686737060547
21.066272735595703, 20.36292266845703, 19.781747817993164
24.267345428466797, 23.211515426635742, 22.68794059753418
23.334102630615234, 23.161922454833984, 22.253314971923828
24.516220092773438, 23.67582893371582, 24.938827514648438
24.414403915405273, 25.546520233154297, 23.730913162231445
24.34063720703125, 25.035430908203125, 24.86353302001953
24.229469299316406, 23.980697631835938, 23.40770149230957
23.396507263183594, 23.406158447265625, 22.638975143432617
23.357580184936523, 22.3035888671875, 21.23876190185547
18.597198486328125, 18.12720489501953, 17.775497436523438
22.348175048828125, 20.964555740356445, 20.128734588623047
24.250093460083008, 23.499048233032227, 22.936826705932617
22.291427612304688, 20.97332191467285, 20.04862403869629
23.92235565185547, 23.892074584960938, 26.057729721069336
24.908798217773438, 24.11313247680664, 23.131567001342773
23.40081787109375, 22.745800018310547, 22.002971649169922
21.587017059326172, 20.79842185974121, 20.31902503967285
23.66862678527832, 23.258617401123047, 22.531517028808594
24.14798355102539, 22.58545684814453, 20.906654357910156
24.808639526367188, 23.586833953857422, 22.877017974853516
24.479175567626953, 24.641691207885742, 23.22910499572754
23.83207130432129, 23.301511764526367, 22.980480194091797
22.004980087280273, 21.098434448242188, 20.961503982543945
23.14651870727539, 22.4785099029541, 22.12877655029297
24.305856704711914, 22.814722061157227, 21.170997619628906
20.202375411987305, 19.378442764282227, 18.84377670288086
24.48203468322754, 23.83649444580078, 23.445133209228516
23.095420837402344, 22.549434661865234, 22.132949829101562
24.312902450561523, 24.336793899536133, 24.60568618774414
20.364648818969727, 19.06615447998047, 18.26764678955078
24.83470916748047, 24.077543258666992, 22.363201141357422
24.468610763549805, 23.779987335205078, 22.656009674072266
24.30204963684082, 22.75269317626953, 21.865158081054688
22.051027297973633, 21.191659927368164, 20.851308822631836
25.678627014160156, 24.92278480529785, 23.00304412841797
23.73921012878418, 22.58932113647461, 21.933574676513672
23.16107749938965, 22.229591369628906, 21.96788787841797
24.001070022583008, 22.926410675048828, 22.1834716796875
24.78457260131836, 24.265653610229492, 22.631595611572266
24.017648696899414, 22.591806411743164, 21.56133460998535
24.026010513305664, 23.66200828552246, 22.94865608215332
23.54269027709961, 22.613183975219727, 22.826040267944336
19.818708419799805, 19.376293182373047, 19.03716278076172
22.93604278564453, 22.35982322692871, 21.909679412841797
24.167810440063477, 23.171199798583984, 22.941783905029297
21.131755828857422, 19.94916534423828, 19.239938735961914
23.98615264892578, 22.514345169067383, 21.749448776245117
22.444826126098633, 21.601028442382812, 21.05916404724121
23.269977569580078, 22.993324279785156, 23.373483657836914
22.24699592590332, 21.19260597229004, 20.60074806213379
24.25217056274414, 24.44062614440918, 22.962085723876953
23.620338439941406, 22.847898483276367, 23.563213348388672
24.452913284301758, 23.529897689819336, 22.91952133178711
22.661827087402344, 22.244821548461914, 22.483104705810547
24.529281616210938, 23.804340362548828, 22.630245208740234
22.105722427368164, 21.157733917236328, 20.585853576660156
24.0428409576416, 23.632488250732422, 23.299795150756836
23.92879295349121, 23.69779396057129, 23.011056900024414
25.292034149169922, 25.128339767456055, 22.804073333740234
23.320240020751953, 22.625131607055664, 21.831256866455078
21.966838836669922, 21.443042755126953, 21.070859909057617
24.19865608215332, 24.086502075195312, 23.552488327026367
24.347929000854492, 23.695295333862305, 22.77109718322754
24.076990127563477, 23.493593215942383, 21.87468147277832
24.275230407714844, 23.82785987854004, 22.697357177734375
24.668729782104492, 23.962350845336914, 23.57379913330078
26.09832763671875, 24.961143493652344, 22.50505828857422
22.536964416503906, 22.307510375976562, 21.101011276245117
23.606096267700195, 22.745996475219727, 22.427845001220703
23.615577697753906, 23.527835845947266, 22.52448272705078
24.514719009399414, 25.06547737121582, 23.869037628173828
24.03157615661621, 23.36109161376953, 23.546533584594727
24.39740753173828, 23.615787506103516, 23.135698318481445
20.109560012817383, 18.828248977661133, 18.05846405029297
24.707473754882812, 22.697423934936523, 20.840728759765625
22.399744033813477, 22.36176872253418, 21.668766021728516
24.87727928161621, 23.601654052734375, 21.2874755859375
22.7806339263916, 21.645896911621094, 20.883878707885742
20.94590950012207, 20.224031448364258, 19.666912078857422
20.28076934814453, 19.578359603881836, 18.966835021972656
23.148969650268555, 22.8349666595459, 22.10515785217285
24.415843963623047, 24.02968978881836, 22.473838806152344
23.99555206298828, 23.83537483215332, 23.17627716064453
24.158761978149414, 23.944580078125, 23.03282356262207
21.811412811279297, 20.705087661743164, 19.928878784179688
23.677595138549805, 22.9190731048584, 22.76493263244629
24.127880096435547, 23.26806640625, 23.174530029296875
23.523548126220703, 22.4678897857666, 22.05382537841797
22.775556564331055, 21.787410736083984, 21.525856018066406
23.42632484436035, 23.147619247436523, 22.882705688476562
22.89330291748047, 21.165143966674805, 20.261947631835938
24.06516456604004, 23.36217498779297, 22.965280532836914
24.190004348754883, 24.01912498474121, 22.926668167114258
24.22651481628418, 23.902101516723633, 22.32699966430664
23.09600067138672, 21.92816734313965, 21.345073699951172
23.11981964111328, 22.210674285888672, 20.83160972595215
23.572362899780273, 22.662654876708984, 21.896665573120117
23.142053604125977, 22.13322639465332, 21.451208114624023
23.203868865966797, 22.68621063232422, 22.401378631591797
22.60829734802246, 22.220109939575195, 21.70887565612793
22.786897659301758, 22.378780364990234, 22.18698501586914
