m_g, m_r, m_z
24.04246711730957, 23.199901580810547, 22.78021240234375
24.147157669067383, 23.972570419311523, 23.110811233520508
23.17742919921875, 22.26424789428711, 21.138994216918945
25.03514862060547, 23.413833618164062, 22.299373626708984
24.421009063720703, 24.25107765197754, 23.77206802368164
23.40427017211914, 22.794973373413086, 22.406898498535156
24.32581329345703, 23.67926597595215, 23.67280387878418
23.259859085083008, 23.02208709716797, 21.17134666442871
24.5964298248291, 23.6566162109375, 23.47003936767578
23.66360855102539, 23.306119918823242, 22.783405303955078
23.78249740600586, 23.864770889282227, 23.410236358642578
24.320907592773438, 24.262351989746094, 23.51760482788086
22.73738670349121, 22.748083114624023, 22.521514892578125
24.112783432006836, 23.51552391052246, 23.359954833984375
25.75685691833496, 24.135517120361328, 22.91771125793457
20.042631149291992, 18.76007080078125, 17.937450408935547
18.25041961669922, 17.3402099609375, 16.704208374023438
24.400962829589844, 23.12027359008789, 22.005809783935547
22.505836486816406, 21.381305694580078, 20.547225952148438
23.074249267578125, 22.24724769592285, 21.5935115814209
22.091569900512695, 21.000057220458984, 20.405902862548828
24.094282150268555, 24.7954044342041, 26.20634651184082
23.807098388671875, 22.259611129760742, 21.174551010131836
24.223323822021484, 23.681167602539062, 22.199493408203125
24.123104095458984, 23.31492042541504, 22.655454635620117
25.124820709228516, 23.430862426757812, 21.867095947265625
25.210575103759766, 23.877521514892578, 23.752248764038086
23.996715545654297, 23.581623077392578, 22.266260147094727
24.24847984313965, 24.002056121826172, 23.947120666503906
24.054134368896484, 23.135343551635742, 24.353620529174805
23.07686996459961, 22.111064910888672, 21.463851928710938
23.47272491455078, 22.575374603271484, 22.26565933227539
23.93653106689453, 23.037185668945312, 22.44587516784668
23.983728408813477, 24.35991096496582, 23.374053955078125
22.862695693969727, 22.353271484375, 21.464496612548828
25.414226531982422, 23.408958435058594, 21.407203674316406
24.050586700439453, 23.772428512573242, 22.879047393798828
24.179365158081055, 23.48674774169922, 22.878931045532227
22.33733558654785, 21.131731033325195, 20.479413986206055
23.329484939575195, 22.973552703857422, 22.4285888671875
24.73257827758789, 23.804645538330078, 23.500675201416016
22.841625213623047, 21.893285751342773, 21.191913604736328
24.781579971313477, 23.677001953125, 23.958803176879883
23.73689079284668, 23.845712661743164, 23.156251907348633
24.45505142211914, 22.48642921447754, 21.916614532470703
24.030237197875977, 23.498430252075195, 23.68196678161621
21.947063446044922, 20.999061584472656, 20.636417388916016
23.691259384155273, 22.439098358154297, 22.049848556518555
23.974855422973633, 22.881717681884766, 22.370939254760742
24.527254104614258, 23.060527801513672, 22.12783432006836
23.83407211303711, 24.448944091796875, 23.26975440979004
24.112253189086914, 23.118257522583008, 22.422950744628906
24.666385650634766, 23.340404510498047, 22.81259536743164
23.898590087890625, 23.027324676513672, 21.741796493530273
22.298198699951172, 21.477569580078125, 21.092594146728516
23.09874153137207, 22.41029930114746, 21.245277404785156
21.265117645263672, 20.924409866333008, 19.864492416381836
22.542306900024414, 21.93577766418457, 21.45773696899414
23.945735931396484, 23.91549301147461, 22.386117935180664
23.57414436340332, 22.524890899658203, 21.933116912841797
23.456331253051758, 21.901517868041992, 20.376453399658203
19.75616455078125, 19.345340728759766, 19.287006378173828
27.338380813598633, 25.096057891845703, 22.371810913085938
24.02444076538086, 23.52585220336914, 23.178112030029297
23.149940490722656, 21.77170181274414, 21.049367904663086
24.21723747253418, 23.3675479888916, 23.186134338378906
23.236284255981445, 22.55488395690918, 22.584680557250977
24.177194595336914, 23.964454650878906, 23.023420333862305
24.26018714904785, 23.540603637695312, 22.48207664489746
23.925565719604492, 23.869070053100586, 23.220703125
22.372028350830078, 21.81982421875, 21.634061813354492
23.726865768432617, 23.622032165527344, 23.010509490966797
24.222339630126953, 23.734375, 22.709692001342773
24.938814163208008, 23.429460525512695, 22.386404037475586
24.03333854675293, 22.66437339782715, 22.073610305786133
24.350141525268555, 23.461936950683594, 22.787601470947266
23.556838989257812, 22.229433059692383, 20.95736312866211
24.78586196899414, 24.04567527770996, 22.62220573425293
24.54814910888672, 24.62439727783203, 22.993967056274414
24.254032135009766, 23.218429565429688, 23.039297103881836
22.51580047607422, 22.018203735351562, 21.466419219970703
23.732248306274414, 23.270401000976562, 22.748075485229492
21.724273681640625, 20.848276138305664, 20.269990921020508
22.266441345214844, 21.872982025146484, 21.539186477661133
25.224214553833008, 24.13947105407715, 23.17229461669922
24.024005889892578, 22.99569320678711, 22.456937789916992
24.442264556884766, 24.018280029296875, 22.664756774902344
24.268680572509766, 23.440704345703125, 23.506166458129883
24.297164916992188, 23.468719482421875, 22.70734214782715
23.67247200012207, 23.53287124633789, 23.3725643157959
23.464094161987305, 22.307252883911133, 21.68937873840332
24.19193458557129, 23.759172439575195, 21.735153198242188
22.58181381225586, 21.77634620666504, 21.452795028686523
25.732532501220703, 23.74317169189453, 21.375221252441406
24.41240882873535, 23.44218635559082, 22.581106185913086
22.671274185180664, 22.173664093017578, 21.438066482543945
23.158206939697266, 22.280559539794922, 21.424808502197266
24.348873138427734, 22.647171020507812, 21.674692153930664
24.138994216918945, 24.024593353271484, 24.93403434753418
21.91225814819336, 20.847949981689453, 20.08231544494629
23.182031631469727, 22.100379943847656, 21.455490112304688
22.751720428466797, 21.834789276123047, 21.181089401245117
24.03661346435547, 23.23308753967285, 22.233427047729492
24.56133270263672, 23.65082550048828, 22.88819122314453
23.940776824951172, 23.31968879699707, 22.870986938476562
24.31174087524414, 23.31944465637207, 23.28029441833496
22.979116439819336, 22.055755615234375, 21.571535110473633
24.866214752197266, 23.148889541625977, 21.73936653137207
24.47780418395996, 24.443851470947266, 22.488819122314453
23.749103546142578, 22.832902908325195, 21.422557830810547
24.196243286132812, 23.700687408447266, 23.380821228027344
24.271915435791016, 23.342788696289062, 23.206472396850586
23.571853637695312, 22.242862701416016, 21.470226287841797
24.139680862426758, 23.39162826538086, 23.16354751586914
22.454240798950195, 21.567718505859375, 20.67377281188965
24.85305404663086, 23.79067039489746, 23.36511993408203
23.055767059326172, 21.92133140563965, 21.33655548095703
24.632600784301758, 23.87230682373047, 23.864965438842773
23.609100341796875, 22.945192337036133, 22.453771591186523
23.558334350585938, 22.969947814941406, 22.085033416748047
23.757835388183594, 22.76695442199707, 21.556615829467773
23.93003273010254, 22.791826248168945, 22.71389389038086
20.983863830566406, 20.145668029785156, 19.57374382019043
25.945758819580078, 23.565929412841797, 21.93164825439453
20.966495513916016, 19.751916885375977, 18.972455978393555
24.158103942871094, 22.96174430847168, 22.40472412109375
25.12649154663086, 23.50430679321289, 21.793285369873047
21.99797248840332, 21.55756378173828, 20.993938446044922
24.017202377319336, 22.760635375976562, 22.693681716918945
24.000934600830078, 23.597881317138672, 23.81389808654785
21.510766983032227, 20.03496742248535, 19.151260375976562
24.167659759521484, 23.955141067504883, 23.20697784423828
21.534502029418945, 21.38054084777832, 21.387413024902344
23.772096633911133, 22.532800674438477, 21.791976928710938
24.158458709716797, 22.54404067993164, 21.57000160217285
23.84502601623535, 23.2088565826416, 26.023773193359375
24.150644302368164, 23.396324157714844, 22.982025146484375
23.53744125366211, 23.250442504882812, 24.03446388244629
23.982894897460938, 23.637683868408203, 22.4641056060791
20.598270416259766, 20.490835189819336, 20.426179885864258
23.77846908569336, 22.306804656982422, 21.420154571533203
23.357479095458984, 22.374359130859375, 21.981069564819336
23.15900230407715, 22.97713279724121, 22.13022232055664
23.738597869873047, 23.340688705444336, 22.993528366088867
22.661916732788086, 21.83427619934082, 21.172012329101562
23.442127227783203, 23.615652084350586, 22.169862747192383
21.4534969329834, 19.751964569091797, 18.896263122558594
22.46999168395996, 21.827106475830078, 21.289512634277344
24.996288299560547, 23.93804931640625, 22.483375549316406
20.536029815673828, 19.988445281982422, 19.587921142578125
22.59306526184082, 21.7584285736084, 20.938800811767578
25.073030471801758, 24.699167251586914, 22.867368698120117
23.804222106933594, 23.63132667541504, 22.69402313232422
23.86942481994629, 22.944406509399414, 22.593748092651367
25.01404571533203, 23.569856643676758, 21.943737030029297
24.39693832397461, 23.37300682067871, 22.93754005432129
21.572542190551758, 21.805973052978516, 21.24887466430664
24.45652961730957, 23.64647102355957, 23.52762222290039
22.462982177734375, 21.661861419677734, 21.256542205810547
21.736936569213867, 19.98781394958496, 19.04583168029785
23.34869956970215, 22.887643814086914, 22.12866973876953
24.038833618164062, 22.922868728637695, 22.52651023864746
24.3269100189209, 24.941387176513672, 23.980756759643555
22.05584716796875, 20.935667037963867, 20.106243133544922
24.095367431640625, 23.22921371459961, 22.536317825317383
24.364500045776367, 22.82316017150879, 21.657100677490234
24.152502059936523, 25.338239669799805, 23.375621795654297
26.998340606689453, 24.12508201599121, 23.16542625427246
24.7578067779541, 23.304607391357422, 23.253189086914062
22.644084930419922, 21.530902862548828, 20.00876235961914
23.959667205810547, 22.85692596435547, 20.930818557739258
23.05561637878418, 22.523351669311523, 21.85520362854004
24.263980865478516, 23.946365356445312, 23.358535766601562
22.752025604248047, 22.347801208496094, 21.384206771850586
24.171634674072266, 23.573123931884766, 23.17613410949707
25.274402618408203, 23.574493408203125, 23.313678741455078
22.232418060302734, 21.960657119750977, 21.388689041137695
24.051904678344727, 24.22003936767578, 22.819440841674805
20.362516403198242, 18.586334228515625, 17.66080665588379
24.44856071472168, 24.259004592895508, 23.30950164794922
23.074752807617188, 22.63968849182129, 22.316028594970703
25.693485260009766, 23.9199275970459, 21.394851684570312
23.977134704589844, 24.045804977416992, 22.971372604370117
23.670515060424805, 23.16962432861328, 22.644149780273438
24.629638671875, 24.137405395507812, 23.670812606811523
24.235668182373047, 23.85615348815918, 22.762203216552734
24.277769088745117, 22.962984085083008, 21.573328018188477
26.19301986694336, 24.457801818847656, 22.610244750976562
24.970874786376953, 23.71611785888672, 21.486982345581055
24.780776977539062, 24.87824249267578, 23.645387649536133
24.320159912109375, 23.61479377746582, 22.798904418945312
24.51601219177246, 24.174482345581055, 23.450864791870117
26.441572189331055, 26.098045349121094, 22.804363250732422
23.827354431152344, 23.180910110473633, 22.860517501831055
23.31584358215332, 22.765607833862305, 21.620098114013672
24.044206619262695, 24.01031494140625, 23.542287826538086
23.402196884155273, 21.47466278076172, 19.90196990966797
22.518795013427734, 21.68609046936035, 21.17034149169922
23.83106803894043, 24.07330894470215, 22.84983253479004
23.987564086914062, 23.23328971862793, 22.598514556884766
27.109699249267578, 26.40292739868164, 22.531925201416016
25.104461669921875, 23.828636169433594, 21.508424758911133
22.93632698059082, 22.118450164794922, 21.398221969604492
23.630918502807617, 22.808605194091797, 22.15569305419922
24.386913299560547, 23.685749053955078, 23.165264129638672
24.22998046875, 24.32649040222168, 24.505762100219727
26.485933303833008, 23.79903793334961, 21.6849422454834
24.84295654296875, 23.96137237548828, 23.33135986328125
24.53901481628418, 23.335302352905273, 22.012624740600586
23.989599227905273, 23.60089874267578, 23.605527877807617
24.090238571166992, 23.709226608276367, 23.1345157623291
24.937549591064453, 22.646713256835938, 21.15960693359375
24.514541625976562, 23.23627281188965, 22.575164794921875
24.168609619140625, 24.697927474975586, 23.88548469543457
24.99905014038086, 23.500225067138672, 21.453458786010742
20.307558059692383, 19.412065505981445, 18.999189376831055
23.664419174194336, 23.183990478515625, 23.189838409423828
23.348085403442383, 22.7624568939209, 21.529773712158203
24.62870216369629, 23.805383682250977, 23.597322463989258
24.62537956237793, 24.58866310119629, 23.01241683959961
20.404321670532227, 19.128067016601562, 18.22446060180664
24.85177230834961, 23.824954986572266, 23.119773864746094
24.65363311767578, 23.68897819519043, 23.736713409423828
24.726699829101562, 23.91260528564453, 23.629974365234375
23.967079162597656, 24.036130905151367, 23.208669662475586
22.91358757019043, 21.674806594848633, 21.03445053100586
22.980941772460938, 21.470321655273438, 20.65918731689453
16.441471099853516, 15.880130767822266, 15.476380348205566
24.41713523864746, 24.163637161254883, 23.573163986206055
24.13166618347168, 24.275049209594727, 23.998313903808594
24.238325119018555, 24.362205505371094, 24.880626678466797
23.04836082458496, 21.59356117248535, 20.370100021362305
20.02471160888672, 19.80859375, 19.6507625579834
24.078048706054688, 22.746768951416016, 21.396461486816406
23.21982192993164, 22.73543357849121, 21.589557647705078
24.52444076538086, 23.039844512939453, 22.67214584350586
24.273189544677734, 23.821767807006836, 22.74419403076172
24.145526885986328, 22.91349983215332, 22.041170120239258
22.94231414794922, 21.94202423095703, 21.32637596130371
22.677427291870117, 21.647829055786133, 21.24148941040039
25.051753997802734, 23.692296981811523, 22.74924087524414
24.813596725463867, 23.437238693237305, 22.357532501220703
24.211166381835938, 22.539812088012695, 21.1577091217041
23.352598190307617, 23.290328979492188, 23.943450927734375
19.82335662841797, 18.60013198852539, 17.806102752685547
20.016122817993164, 18.595043182373047, 17.616313934326172
21.456226348876953, 20.855735778808594, 20.475418090820312
23.652793884277344, 22.59092903137207, 21.891956329345703
22.269880294799805, 21.754365921020508, 21.817041397094727
22.566844940185547, 21.098770141601562, 20.178091049194336
23.850360870361328, 21.927839279174805, 20.504188537597656
22.537630081176758, 21.174671173095703, 20.219863891601562
24.102712631225586, 23.5883846282959, 23.034725189208984
22.678363800048828, 21.450239181518555, 20.26005744934082
21.160526275634766, 20.459482192993164, 20.005590438842773
23.627534866333008, 22.667348861694336, 22.304485321044922
23.946945190429688, 23.225278854370117, 22.736574172973633
23.518400192260742, 23.508604049682617, 22.871971130371094
24.03740692138672, 23.57878875732422, 23.238447189331055
23.058881759643555, 21.352214813232422, 20.229740142822266
23.52541732788086, 22.237010955810547, 21.65066909790039
24.102418899536133, 23.281042098999023, 22.418697357177734
24.64745330810547, 23.672229766845703, 23.099092483520508
24.338459014892578, 24.171613693237305, 23.07538414001465
22.89021873474121, 22.14043617248535, 21.75354766845703
23.997371673583984, 23.255908966064453, 22.655256271362305
25.220869064331055, 23.796411514282227, 23.493053436279297
24.027732849121094, 23.83203125, 23.13489532470703
24.374534606933594, 24.464244842529297, 22.93743324279785
23.33659553527832, 22.878341674804688, 22.167919158935547
22.07327651977539, 21.320280075073242, 20.81410789489746
22.217233657836914, 21.69103240966797, 20.58134651184082
24.849918365478516, 23.41415786743164, 22.588829040527344
24.5723934173584, 22.954431533813477, 21.08743667602539
25.455659866333008, 23.369848251342773, 22.009998321533203
22.008390426635742, 20.916776657104492, 20.2598934173584
23.874774932861328, 24.232603073120117, 22.66983413696289
22.55177879333496, 20.63583755493164, 19.362977981567383
24.277799606323242, 24.110139846801758, 23.413089752197266
23.0987548828125, 22.069852828979492, 21.808706283569336
23.982563018798828, 22.929622650146484, 21.927122116088867
24.119680404663086, 23.682689666748047, 22.606399536132812
22.164321899414062, 21.316383361816406, 20.76532554626465
20.77911376953125, 19.68366241455078, 18.896305084228516
23.99068832397461, 22.58600616455078, 20.911380767822266
22.482648849487305, 21.789051055908203, 21.454496383666992
22.888212203979492, 21.993328094482422, 21.06646728515625
23.840206146240234, 23.639680862426758, 22.497447967529297
21.553369522094727, 20.867177963256836, 20.392024993896484
23.994718551635742, 23.40930938720703, 22.967687606811523
23.74696159362793, 23.137466430664062, 22.379995346069336
24.182893753051758, 23.242719650268555, 22.626850128173828
23.13213348388672, 22.4534969329834, 22.361719131469727
24.377094268798828, 22.68771743774414, 21.566757202148438
23.77245330810547, 23.0285701751709, 22.285417556762695
25.012922286987305, 23.67060661315918, 21.244871139526367
24.357885360717773, 23.958126068115234, 22.497241973876953
25.10634422302246, 23.526079177856445, 22.884035110473633
18.96912384033203, 17.66333770751953, 16.847055435180664
23.94268035888672, 23.827272415161133, 23.235557556152344
22.09368324279785, 20.928388595581055, 20.189579010009766
25.3482723236084, 23.466421127319336, 22.451635360717773
24.533035278320312, 23.0413818359375, 22.287744522094727
22.214895248413086, 21.3155517578125, 20.757858276367188
23.838600158691406, 23.503501892089844, 22.475467681884766
24.105426788330078, 22.540794372558594, 21.605958938598633
23.8297119140625, 23.141380310058594, 23.38201904296875
24.26485252380371, 23.85907554626465, 22.97313690185547
24.907808303833008, 23.925113677978516, 22.840839385986328
24.479970932006836, 23.61209487915039, 23.000411987304688
19.209171295166016, 18.083385467529297, 17.2554931640625
23.863351821899414, 23.938186645507812, 22.882699966430664
23.106233596801758, 22.019315719604492, 21.42876625061035
21.53520393371582, 20.267988204956055, 19.39021110534668
24.4333438873291, 23.344139099121094, 22.627891540527344
23.86229133605957, 23.46799087524414, 22.338285446166992
23.69367790222168, 22.68070411682129, 21.96744155883789
23.679574966430664, 22.543603897094727, 21.79930877685547
23.63817596435547, 23.157123565673828, 23.409114837646484
24.170196533203125, 22.934703826904297, 22.19339370727539
24.36758804321289, 23.97576904296875, 23.697784423828125
24.540069580078125, 23.95917320251465, 23.494293212890625
24.35485076904297, 23.409656524658203, 22.35211181640625
25.286518096923828, 23.53963279724121, 22.720266342163086
13.521072387695312, 12.723175048828125, 12.111349105834961
24.078025817871094, 24.083831787109375, 22.906824111938477
23.58780288696289, 22.38799285888672, 21.560686111450195
22.77451515197754, 22.335477828979492, 21.705535888671875
24.087053298950195, 23.2802791595459, 23.018579483032227
23.802658081054688, 23.49666976928711, 22.55850601196289
23.95814323425293, 22.787378311157227, 21.766706466674805
22.234384536743164, 21.430953979492188, 20.995044708251953
23.546785354614258, 21.069150924682617, 19.626277923583984
23.084657669067383, 22.818349838256836, 22.48408317565918
22.61381721496582, 20.643596649169922, 19.397560119628906
23.725339889526367, 23.497512817382812, 22.59673309326172
24.997901916503906, 23.6539306640625, 23.037546157836914
23.985584259033203, 22.25436019897461, 21.267580032348633
23.728981018066406, 22.678163528442383, 21.295969009399414
24.415494918823242, 24.199886322021484, 22.70915412902832
25.083972930908203, 23.08828353881836, 21.298206329345703
24.407304763793945, 23.79553985595703, 23.11161994934082
23.558204650878906, 23.634897232055664, 22.815593719482422
21.759449005126953, 20.25545883178711, 19.300830841064453
24.3432559967041, 23.643003463745117, 22.944252014160156
23.193193435668945, 22.141319274902344, 21.319061279296875
22.519437789916992, 21.026653289794922, 19.824054718017578
22.655256271362305, 22.102245330810547, 21.747482299804688
24.635093688964844, 23.55848503112793, 22.955913543701172
24.00768280029297, 24.129650115966797, 23.09183692932129
23.78265953063965, 23.155916213989258, 22.913501739501953
23.743459701538086, 23.82117462158203, 22.79035758972168
27.431007385253906, 23.903366088867188, 22.4666690826416
21.43193817138672, 20.15821075439453, 19.277509689331055
21.442096710205078, 20.363162994384766, 19.631532669067383
23.537067413330078, 23.881649017333984, 22.48320198059082
24.610858917236328, 23.688175201416016, 22.882631301879883
23.137929916381836, 22.15732765197754, 21.261920928955078
23.0433292388916, 22.18108367919922, 21.597246170043945
23.137954711914062, 21.935762405395508, 21.335582733154297
24.001033782958984, 23.81597137451172, 23.322154998779297
23.755517959594727, 22.008182525634766, 20.61518096923828
24.746395111083984, 24.41705322265625, 22.115324020385742
21.987375259399414, 20.7419376373291, 19.930400848388672
24.03033447265625, 23.47361183166504, 23.194734573364258
25.026151657104492, 23.732177734375, 21.833223342895508
24.968624114990234, 23.838708877563477, 23.967802047729492
22.76500701904297, 22.133182525634766, 21.615480422973633
23.88480567932129, 22.75446128845215, 21.977718353271484
26.66103744506836, 24.238277435302734, 22.31515884399414
24.65536880493164, 24.171905517578125, 23.219581604003906
22.364891052246094, 20.986637115478516, 20.140409469604492
25.188817977905273, 23.61318588256836, 23.587438583374023
22.645753860473633, 21.4256591796875, 20.626340866088867
23.72298240661621, 22.834413528442383, 22.758691787719727
24.30139923095703, 22.895885467529297, 22.200666427612305
24.577144622802734, 23.09307289123535, 22.19460105895996
23.718626022338867, 23.28382110595703, 22.96117401123047
26.194732666015625, 23.952953338623047, 22.937026977539062
23.334693908691406, 22.797670364379883, 22.92501449584961
21.25466537475586, 19.909496307373047, 19.07568359375
22.518360137939453, 22.09193992614746, 21.85289764404297
21.89086151123047, 20.650596618652344, 19.89789390563965
24.539718627929688, 23.622665405273438, 23.231571197509766
22.478904724121094, 21.546117782592773, 21.08829116821289
22.650962829589844, 22.055967330932617, 21.586956024169922
24.183330535888672, 23.89901351928711, 22.978778839111328
24.87548065185547, 23.761577606201172, 23.7519474029541
22.369800567626953, 21.436391830444336, 20.832210540771484
24.265214920043945, 23.14549446105957, 22.6203556060791
22.89073944091797, 21.564517974853516, 20.67740821838379
22.745878219604492, 23.035757064819336, 22.091373443603516
24.52759552001953, 23.824567794799805, 23.21150016784668
23.11928939819336, 22.37381935119629, 21.92323112487793
23.62467384338379, 23.33234214782715, 22.367250442504883
25.085390090942383, 23.733354568481445, 22.670635223388672
23.16160774230957, 22.97821807861328, 22.507781982421875
24.668251037597656, 26.05706214904785, 22.008596420288086
23.697036743164062, 23.004220962524414, 21.878021240234375
23.84583282470703, 23.61892318725586, 24.012805938720703
22.80933952331543, 22.358383178710938, 21.512788772583008
23.36791229248047, 21.79496192932129, 20.744882583618164
24.45499038696289, 24.156681060791016, 22.979873657226562
23.73655891418457, 22.724899291992188, 21.558162689208984
24.435728073120117, 23.938968658447266, 23.119264602661133
24.432506561279297, 23.2055721282959, 21.777957916259766
24.20636749267578, 24.144737243652344, 23.43959617614746
24.29581642150879, 23.736257553100586, 22.440248489379883
26.069019317626953, 24.199735641479492, 23.228397369384766
23.96608543395996, 22.86284828186035, 22.241971969604492
24.63134002685547, 23.37369155883789, 23.070423126220703
23.947294235229492, 23.06285858154297, 22.15147590637207
24.256855010986328, 24.112764358520508, 23.103479385375977
24.724689483642578, 24.19271469116211, 22.91486167907715
23.91788101196289, 23.43597984313965, 22.954431533813477
23.51913833618164, 22.81109619140625, 22.696157455444336
24.300382614135742, 23.324857711791992, 22.829133987426758
23.335189819335938, 22.68413734436035, 22.39494514465332
24.274925231933594, 23.94771957397461, 23.293214797973633
25.114046096801758, 22.719995498657227, 20.506914138793945
20.77033233642578, 19.32709312438965, 18.5657901763916
20.26496696472168, 19.75806999206543, 19.450294494628906
24.86081886291504, 23.251062393188477, 22.458812713623047
24.455196380615234, 23.758481979370117, 23.562057495117188
25.22071075439453, 22.767641067504883, 22.24296760559082
24.602338790893555, 23.844911575317383, 23.242137908935547
23.616575241088867, 22.70826530456543, 22.231727600097656
23.698932647705078, 21.651466369628906, 21.264177322387695
24.156415939331055, 23.37069320678711, 23.00273323059082
24.48535919189453, 22.496644973754883, 21.647228240966797
23.860843658447266, 22.121353149414062, 20.3789005279541
24.32842445373535, 23.65608024597168, 23.366363525390625
22.942813873291016, 22.15781593322754, 21.214200973510742
20.244291305541992, 18.891679763793945, 18.185861587524414
23.468599319458008, 21.90106964111328, 20.446130752563477
23.518274307250977, 22.59119987487793, 21.95931625366211
23.519855499267578, 22.77254867553711, 22.080928802490234
24.93286895751953, 23.786710739135742, 21.927845001220703
23.858570098876953, 23.708251953125, 22.82318878173828
23.704219818115234, 23.282913208007812, 22.398935317993164
23.920621871948242, 23.803316116333008, 22.80965232849121
23.500930786132812, 22.46957778930664, 21.69590187072754
22.494792938232422, 21.391159057617188, 20.14668846130371
22.923389434814453, 21.358478546142578, 20.26787567138672
23.533010482788086, 22.883716583251953, 22.452884674072266
21.566635131835938, 20.507404327392578, 19.040437698364258
22.42129898071289, 21.79475212097168, 22.277198791503906
23.689525604248047, 22.918420791625977, 22.183490753173828
23.652782440185547, 22.99386215209961, 22.039459228515625
24.339733123779297, 23.637556076049805, 22.61929702758789
24.769023895263672, 24.079845428466797, 23.063152313232422
23.339248657226562, 21.95003318786621, 20.99402618408203
22.156051635742188, 20.649816513061523, 19.809961318969727
23.75983428955078, 23.421741485595703, 23.61288833618164
15.006786346435547, 14.473884582519531, 14.054443359375
23.630239486694336, 21.716482162475586, 20.509273529052734
22.354415893554688, 21.126461029052734, 20.32478904724121
23.993850708007812, 21.94856834411621, 20.49540901184082
24.253149032592773, 23.72332191467285, 22.89676284790039
25.25672721862793, 24.017242431640625, 22.935293197631836
23.74308204650879, 23.210105895996094, 22.631084442138672
24.464094161987305, 23.32108497619629, 22.905139923095703
24.432706832885742, 24.10260581970215, 24.062030792236328
24.691085815429688, 23.86946678161621, 23.569843292236328
23.251211166381836, 22.302343368530273, 21.898488998413086
24.11362075805664, 23.093759536743164, 22.316041946411133
24.628923416137695, 22.418498992919922, 20.63837242126465
23.54465675354004, 23.08344078063965, 22.24867057800293
23.72049903869629, 23.33477210998535, 22.521432876586914
24.5331974029541, 23.628982543945312, 23.277570724487305
24.471742630004883, 23.25230598449707, 22.152055740356445
24.227767944335938, 23.97735023498535, 23.437782287597656
23.928081512451172, 23.231782913208008, 23.992103576660156
24.9709415435791, 23.705217361450195, 21.98383331298828
21.881200790405273, 21.3571720123291, 21.154552459716797
17.680246353149414, 17.23747444152832, 16.970638275146484
23.20453453063965, 21.979257583618164, 20.702072143554688
24.188419342041016, 23.430133819580078, 21.74104118347168
20.033201217651367, 19.42372703552246, 19.00595474243164
24.78826332092285, 23.780969619750977, 22.04574966430664
24.789794921875, 23.929912567138672, 23.383224487304688
21.757659912109375, 20.46358871459961, 19.547351837158203
22.373802185058594, 20.97538185119629, 20.128662109375
23.483530044555664, 22.78510093688965, 22.324615478515625
24.30359649658203, 23.151023864746094, 22.447782516479492
23.134075164794922, 22.73078155517578, 22.673473358154297
23.9846134185791, 23.455707550048828, 22.44307518005371
21.614513397216797, 21.06119155883789, 20.66974639892578
24.31852149963379, 22.618928909301758, 21.026594161987305
23.205625534057617, 22.826143264770508, 21.523305892944336
20.697465896606445, 19.91008758544922, 19.042640686035156
20.545228958129883, 19.95037269592285, 19.643829345703125
23.108572006225586, 21.80271339416504, 21.052690505981445
22.308454513549805, 21.872224807739258, 21.49312973022461
23.900758743286133, 22.22906494140625, 21.431604385375977
23.446937561035156, 22.6901798248291, 23.169391632080078
24.079710006713867, 23.895145416259766, 23.761917114257812
22.005109786987305, 21.5706787109375, 20.970043182373047
24.913246154785156, 23.94281578063965, 24.49862289428711
22.937843322753906, 22.506826400756836, 21.85634422302246
24.5560359954834, 23.320621490478516, 22.46334457397461
25.699159622192383, 24.124313354492188, 21.9942626953125
24.322986602783203, 23.775590896606445, 23.101316452026367
26.396392822265625, 24.029956817626953, 22.147016525268555
23.407848358154297, 22.45281410217285, 22.0192928314209
22.007680892944336, 21.3334903717041, 21.357704162597656
24.24827766418457, 23.507144927978516, 22.601102828979492
22.250286102294922, 21.22622299194336, 20.563936233520508
25.4129695892334, 23.691877365112305, 24.56362533569336
24.19236946105957, 24.27503204345703, 24.971227645874023
23.699214935302734, 23.190881729125977, 23.358980178833008
23.161474227905273, 22.062166213989258, 21.26490592956543
20.94795036315918, 20.338802337646484, 19.941577911376953
24.624202728271484, 23.633031845092773, 23.764970779418945
24.970685958862305, 23.616127014160156, 22.099565505981445
24.842370986938477, 24.128902435302734, 22.18144989013672
23.795564651489258, 23.19455909729004, 21.966529846191406
23.434608459472656, 23.11380386352539, 22.675281524658203
22.00910758972168, 21.241527557373047, 20.960065841674805
21.668880462646484, 20.592239379882812, 19.82955551147461
19.714252471923828, 19.302587509155273, 18.879852294921875
25.592952728271484, 24.238548278808594, 22.728633880615234
20.665382385253906, 20.353294372558594, 20.192018508911133
27.1839656829834, 24.59986114501953, 22.62909507751465
23.206539154052734, 22.043678283691406, 20.8769474029541
20.49013328552246, 19.295814514160156, 18.449846267700195
19.81801986694336, 19.463205337524414, 19.21251106262207
23.664081573486328, 22.535755157470703, 21.86217498779297
24.755483627319336, 22.839305877685547, 21.41187286376953
17.546308517456055, 17.164531707763672, 16.94243621826172
23.79224967956543, 22.58477783203125, 23.048198699951172
24.062667846679688, 23.102144241333008, 22.616640090942383
23.441980361938477, 23.394540786743164, 22.178041458129883
22.95903778076172, 22.023725509643555, 21.74103355407715
23.128673553466797, 21.92816925048828, 21.086231231689453
24.928422927856445, 23.90264129638672, 24.113357543945312
24.306486129760742, 23.85338020324707, 23.68924331665039
24.61393928527832, 23.342391967773438, 22.910415649414062
24.09787368774414, 22.50042724609375, 21.359535217285156
24.083179473876953, 24.096107482910156, 23.862749099731445
23.316118240356445, 22.406810760498047, 22.292078018188477
22.03435707092285, 21.09739112854004, 20.566429138183594
25.544103622436523, 24.901039123535156, 22.22854995727539
24.685806274414062, 23.90856170654297, 23.103172302246094
23.997852325439453, 22.620729446411133, 22.180400848388672
25.003772735595703, 23.206607818603516, 22.359142303466797
23.160602569580078, 22.119901657104492, 21.496898651123047
21.85567855834961, 21.696395874023438, 20.918167114257812
24.338289260864258, 24.405975341796875, 23.323688507080078
23.952882766723633, 23.497512817382812, 22.738422393798828
23.514585494995117, 21.99982452392578, 21.15481948852539
24.69936752319336, 24.053895950317383, 23.304115295410156
24.495813369750977, 24.410642623901367, 24.037792205810547
24.541364669799805, 22.900527954101562, 21.541109085083008
20.739463806152344, 20.543333053588867, 20.31317710876465
24.48122215270996, 23.99691390991211, 23.37421989440918
22.847761154174805, 21.721214294433594, 20.8540096282959
22.828510284423828, 21.940872192382812, 21.27899932861328
23.950313568115234, 22.7194766998291, 21.851255416870117
20.641836166381836, 19.398540496826172, 18.534351348876953
22.080440521240234, 21.202695846557617, 20.933794021606445
24.220529556274414, 24.1297664642334, 24.044261932373047
24.15669059753418, 23.82424545288086, 22.712841033935547
22.832759857177734, 21.8886775970459, 21.11646842956543
24.20220184326172, 23.976768493652344, 24.839197158813477
20.835054397583008, 19.950054168701172, 19.407485961914062
24.65998077392578, 24.58336067199707, 26.025224685668945
23.366941452026367, 21.81943130493164, 20.999168395996094
22.923776626586914, 21.568815231323242, 20.375362396240234
23.580821990966797, 22.541921615600586, 22.042987823486328
22.477773666381836, 21.490131378173828, 21.033010482788086
24.580780029296875, 24.07303810119629, 22.963653564453125
23.65926170349121, 23.19261360168457, 22.982973098754883
23.248254776000977, 23.06875228881836, 23.032007217407227
19.6825008392334, 18.9661865234375, 18.459083557128906
21.78666114807129, 20.65863037109375, 19.845867156982422
24.328044891357422, 23.602771759033203, 24.607206344604492
24.26957893371582, 23.81914710998535, 23.613540649414062
23.986724853515625, 22.995277404785156, 22.913715362548828
24.335752487182617, 23.89649772644043, 22.631858825683594
24.216449737548828, 23.902835845947266, 23.47059440612793
24.260494232177734, 23.622692108154297, 23.113346099853516
24.54141616821289, 23.842424392700195, 23.83100700378418
24.25172233581543, 24.09326171875, 22.955690383911133
23.922264099121094, 23.1845760345459, 22.61231231689453
24.460742950439453, 24.110595703125, 22.96326446533203
23.418977737426758, 22.564237594604492, 22.238191604614258
24.608963012695312, 23.70779037475586, 22.95438575744629
24.4256649017334, 24.144290924072266, 23.609148025512695
26.00321388244629, 24.118221282958984, 23.90142059326172
22.65277099609375, 21.526443481445312, 20.889936447143555
24.8147029876709, 24.37005043029785, 23.087797164916992
23.598369598388672, 22.96556282043457, 22.627395629882812
23.73409652709961, 22.78329849243164, 22.119752883911133
24.782249450683594, 23.400165557861328, 22.889005661010742
24.318002700805664, 23.448278427124023, 22.452768325805664
24.512990951538086, 23.4056396484375, 22.318220138549805
23.947372436523438, 23.440031051635742, 23.167171478271484
24.307220458984375, 23.524425506591797, 22.887590408325195
23.553321838378906, 23.111347198486328, 22.677785873413086
23.399160385131836, 22.336467742919922, 21.726633071899414
24.263093948364258, 23.19886016845703, 23.09209632873535
24.224536895751953, 23.716903686523438, 22.776304244995117
22.963979721069336, 22.14002227783203, 21.532024383544922
21.26266098022461, 20.0667781829834, 19.376876831054688
22.819679260253906, 20.906246185302734, 19.820743560791016
24.07899284362793, 23.33938217163086, 22.049440383911133
24.092714309692383, 23.916881561279297, 23.450502395629883
24.305177688598633, 23.031387329101562, 22.69888687133789
24.614803314208984, 23.674846649169922, 22.38142967224121
22.477428436279297, 21.594341278076172, 21.253503799438477
24.908899307250977, 23.352636337280273, 22.457809448242188
22.154651641845703, 20.537109375, 19.66986846923828
24.934017181396484, 23.708532333374023, 23.72463035583496
24.77463722229004, 25.397119522094727, 23.203157424926758
23.21171760559082, 22.54818344116211, 22.088438034057617
24.30027198791504, 23.71837615966797, 22.43369483947754
22.728492736816406, 21.73983383178711, 20.787527084350586
24.350711822509766, 23.03847885131836, 22.28536033630371
20.497316360473633, 19.572650909423828, 18.960281372070312
23.348587036132812, 22.962860107421875, 22.1514892578125
21.94091033935547, 21.65152931213379, 21.23093605041504
23.824766159057617, 24.003868103027344, 22.914810180664062
22.96428108215332, 21.91059684753418, 21.358844757080078
23.285093307495117, 23.308176040649414, 22.473352432250977
23.742895126342773, 22.837682723999023, 22.256568908691406
23.363147735595703, 22.73798942565918, 22.188936233520508
22.391260147094727, 22.096845626831055, 21.789649963378906
24.451231002807617, 24.4427490234375, 24.364225387573242
23.446016311645508, 23.223522186279297, 22.91887855529785
23.94152069091797, 23.083219528198242, 22.433433532714844
22.32151985168457, 21.151609420776367, 20.645044326782227
20.055992126464844, 19.590486526489258, 19.25192642211914
24.41131019592285, 23.62111473083496, 23.128461837768555
22.913705825805664, 22.056047439575195, 21.490497589111328
24.625465393066406, 23.55190086364746, 23.503067016601562
24.149187088012695, 23.809062957763672, 22.758195877075195
22.462627410888672, 21.776575088500977, 21.625139236450195
24.69772720336914, 23.93551254272461, 22.45842933654785
24.484806060791016, 23.564119338989258, 22.795392990112305
24.562210083007812, 23.070898056030273, 22.878475189208984
23.32210350036621, 23.279644012451172, 24.84686279296875
24.752445220947266, 24.026559829711914, 25.54813003540039
19.13279914855957, 18.612884521484375, 18.218482971191406
23.212787628173828, 23.112192153930664, 22.24445915222168
23.18839454650879, 22.204513549804688, 21.818374633789062
23.1491641998291, 23.636802673339844, 23.724172592163086
22.070087432861328, 21.570459365844727, 21.313302993774414
23.256412506103516, 23.005937576293945, 23.556400299072266
23.617124557495117, 22.86979866027832, 21.944543838500977
26.6546630859375, 23.60279655456543, 21.732656478881836
23.988264083862305, 23.2869930267334, 22.933212280273438
23.546302795410156, 23.309274673461914, 23.01580047607422
24.347209930419922, 23.58218002319336, 22.384502410888672
18.850778579711914, 18.618741989135742, 18.531972885131836
23.731279373168945, 22.915321350097656, 22.43265724182129
24.030336380004883, 23.8481502532959, 24.103092193603516
22.83715057373047, 21.927963256835938, 21.39415168762207
25.535289764404297, 23.235958099365234, 20.995609283447266
24.696109771728516, 24.214637756347656, 23.212345123291016
21.6343994140625, 21.440074920654297, 21.755077362060547
23.38128662109375, 23.50787353515625, 22.720441818237305
23.83506202697754, 22.6176815032959, 21.99043083190918
24.845012664794922, 23.786964416503906, 22.16171646118164
24.506925582885742, 23.958356857299805, 22.937837600708008
17.78841781616211, 17.304651260375977, 17.015731811523438
25.955350875854492, 24.957576751708984, 21.825881958007812
21.999919891357422, 21.059053421020508, 20.292909622192383
23.371105194091797, 22.518043518066406, 22.150814056396484
23.220033645629883, 23.02971076965332, 22.588111877441406
20.9326171875, 20.929180145263672, 21.582355499267578
22.52922821044922, 22.191640853881836, 22.397628784179688
24.994762420654297, 23.348377227783203, 21.87500762939453
23.659299850463867, 22.82404899597168, 21.982675552368164
22.683610916137695, 22.363508224487305, 22.135835647583008
20.605052947998047, 20.385231018066406, 20.210342407226562
23.636032104492188, 22.843809127807617, 23.055097579956055
22.923391342163086, 22.7160587310791, 22.867399215698242
20.916072845458984, 19.416837692260742, 18.509992599487305
24.06673240661621, 23.108821868896484, 23.455841064453125
23.81062889099121, 23.091205596923828, 23.41621208190918
23.192550659179688, 22.005281448364258, 21.688735961914062
24.770496368408203, 24.757640838623047, 22.326210021972656
21.9075870513916, 20.177257537841797, 19.19289207458496
20.606706619262695, 20.446683883666992, 20.287717819213867
22.95456886291504, 22.634052276611328, 22.21646499633789
22.764902114868164, 21.28207015991211, 20.241483688354492
24.733606338500977, 24.111879348754883, 23.501121520996094
24.594486236572266, 23.7876033782959, 25.62075424194336
23.43960189819336, 22.39402961730957, 21.751808166503906
24.244216918945312, 23.443309783935547, 22.706008911132812
24.923778533935547, 22.865100860595703, 22.02217674255371
24.18931007385254, 24.17321014404297, 24.467546463012695
23.9348087310791, 22.76283073425293, 21.669628143310547
23.224079132080078, 22.169296264648438, 21.34699821472168
22.77579689025879, 22.008533477783203, 21.557373046875
24.25147247314453, 22.45720100402832, 21.46235466003418
23.806753158569336, 22.907896041870117, 22.441452026367188
25.36860466003418, 23.763978958129883, 23.32464027404785
24.82650375366211, 24.635406494140625, 22.694713592529297
21.07083511352539, 20.30097007751465, 19.781944274902344
24.34166145324707, 22.353914260864258, 20.831531524658203
23.42734718322754, 22.533674240112305, 21.986400604248047
22.62734031677246, 21.936235427856445, 21.629941940307617
22.014278411865234, 21.228925704956055, 20.43860626220703
23.787879943847656, 23.19894790649414, 22.467113494873047
22.630855560302734, 21.85125732421875, 21.42669105529785
22.43805694580078, 21.354778289794922, 20.86977195739746
24.3211669921875, 24.664106369018555, 23.477718353271484
25.092174530029297, 24.774568557739258, 22.610889434814453
24.215044021606445, 23.717700958251953, 23.56450080871582
22.97758674621582, 21.036216735839844, 19.69721794128418
24.390399932861328, 22.971784591674805, 23.00001335144043
23.43640899658203, 22.878103256225586, 22.83156394958496
22.19976234436035, 21.302169799804688, 20.779483795166016
24.415109634399414, 24.25478172302246, 23.513160705566406
23.628162384033203, 22.943910598754883, 21.92816925048828
22.13829803466797, 21.462749481201172, 20.9285831451416
24.396770477294922, 24.307430267333984, 23.497299194335938
24.655012130737305, 22.694805145263672, 21.72603988647461
22.210128784179688, 21.32741928100586, 20.894948959350586
24.428192138671875, 24.248531341552734, 24.01273536682129
25.246980667114258, 24.317543029785156, 22.928863525390625
24.63888168334961, 23.812179565429688, 22.858366012573242
24.715267181396484, 23.63783836364746, 22.909404754638672
23.21527862548828, 22.920957565307617, 22.833608627319336
25.611169815063477, 24.265668869018555, 22.351512908935547
25.059226989746094, 23.777790069580078, 23.196550369262695
24.313831329345703, 23.588542938232422, 22.898754119873047
24.37708282470703, 23.44133758544922, 22.04717445373535
24.161399841308594, 22.09052848815918, 20.657943725585938
25.720232009887695, 23.42754554748535, 22.997333526611328
24.893918991088867, 23.322433471679688, 22.43178367614746
24.277481079101562, 23.817920684814453, 22.835935592651367
23.80340576171875, 23.086450576782227, 22.16441535949707
23.59684944152832, 23.11378288269043, 22.448009490966797
23.19475555419922, 22.299837112426758, 21.728227615356445
22.050819396972656, 20.31597900390625, 19.383405685424805
25.303415298461914, 23.863840103149414, 23.042226791381836
19.332094192504883, 18.297500610351562, 17.556690216064453
25.5410213470459, 23.28507423400879, 23.031654357910156
23.709487915039062, 23.446208953857422, 22.900705337524414
24.61662483215332, 23.466800689697266, 22.405515670776367
23.952302932739258, 23.353796005249023, 22.43583106994629
23.065752029418945, 22.174652099609375, 22.139633178710938
23.73567771911621, 22.78550148010254, 21.88274574279785
23.43654441833496, 23.790760040283203, 22.725570678710938
24.33553123474121, 23.806921005249023, 23.06338119506836
24.295625686645508, 24.24808692932129, 23.4913272857666
24.11878776550293, 24.144426345825195, 23.287076950073242
23.930612564086914, 23.02692413330078, 21.624345779418945
25.1661376953125, 23.457714080810547, 22.156795501708984
23.93748664855957, 23.19596290588379, 22.48954200744629
22.96280288696289, 21.577425003051758, 20.56432342529297
24.554214477539062, 23.387081146240234, 22.497543334960938
23.973464965820312, 22.10955238342285, 21.0716552734375
24.476221084594727, 23.747386932373047, 22.65406608581543
24.452735900878906, 24.10820198059082, 23.640167236328125
24.510177612304688, 23.99755859375, 24.5838565826416
22.437814712524414, 21.59896469116211, 21.18431282043457
24.48148536682129, 24.489839553833008, 22.919031143188477
25.040897369384766, 23.724519729614258, 23.72447967529297
25.40620231628418, 23.96458625793457, 23.617460250854492
23.96731185913086, 22.641447067260742, 22.000822067260742
24.00739288330078, 23.9030704498291, 23.698720932006836
21.433074951171875, 20.078243255615234, 19.21133804321289
24.33649253845215, 23.837135314941406, 23.00221824645996
24.568384170532227, 22.59072494506836, 21.39253807067871
25.288681030273438, 23.479167938232422, 22.650678634643555
23.9388427734375, 23.727642059326172, 23.444705963134766
23.007640838623047, 22.540149688720703, 22.06813621520996
24.12274932861328, 22.550588607788086, 21.23003578186035
23.13146209716797, 21.892059326171875, 21.17852783203125
25.749691009521484, 24.242748260498047, 22.863737106323242
24.054819107055664, 23.635713577270508, 22.97428321838379
24.250490188598633, 22.194353103637695, 20.633289337158203
24.602745056152344, 24.629674911499023, 22.4974308013916
24.714025497436523, 23.995006561279297, 23.67529296875
25.309715270996094, 23.25043296813965, 23.23037338256836
22.909156799316406, 22.10780143737793, 21.057640075683594
20.418630599975586, 19.18419647216797, 18.398162841796875
21.314743041992188, 20.94117546081543, 20.607025146484375
25.543155670166016, 24.113920211791992, 23.187294006347656
23.498403549194336, 22.399120330810547, 21.869657516479492
24.189197540283203, 23.37314796447754, 22.704177856445312
23.797672271728516, 23.715547561645508, 22.505802154541016
23.993078231811523, 24.226024627685547, 22.39629554748535
24.508739471435547, 24.10370445251465, 22.942014694213867
24.919498443603516, 24.13174819946289, 22.795425415039062
25.84066390991211, 23.451082229614258, 21.91486358642578
22.44683074951172, 21.484697341918945, 20.554407119750977
22.941102981567383, 22.226076126098633, 21.51777458190918
21.240901947021484, 20.341163635253906, 19.676368713378906
22.65220069885254, 21.44930076599121, 20.761381149291992
24.665569305419922, 23.2513370513916, 23.359514236450195
24.527624130249023, 23.94928550720215, 22.704296112060547
22.929386138916016, 22.39433479309082, 21.444093704223633
24.307025909423828, 23.446008682250977, 22.942243576049805
24.428245544433594, 23.437297821044922, 23.127365112304688
19.749866485595703, 18.987009048461914, 18.310260772705078
24.54711151123047, 24.0561580657959, 22.833703994750977
24.11642074584961, 23.778484344482422, 22.209814071655273
24.309206008911133, 22.643413543701172, 22.437000274658203
23.87358856201172, 22.83135986328125, 23.343647003173828
22.299711227416992, 21.471450805664062, 20.937864303588867
23.12456512451172, 22.250823974609375, 20.82272720336914
23.093534469604492, 22.369173049926758, 22.102079391479492
24.333194732666016, 23.828187942504883, 25.389545440673828
24.0743350982666, 23.184595108032227, 22.69632339477539
24.78856658935547, 25.641881942749023, 23.66016387939453
19.558551788330078, 18.316009521484375, 17.543344497680664
23.216846466064453, 21.513179779052734, 20.357229232788086
24.185781478881836, 23.219839096069336, 22.740333557128906
23.403640747070312, 22.99656105041504, 22.35748863220215
23.20423698425293, 22.561376571655273, 21.806594848632812
23.389577865600586, 22.95269203186035, 22.01082420349121
19.74610137939453, 19.0239200592041, 18.541624069213867
24.133398056030273, 23.84577178955078, 24.17983627319336
21.42915916442871, 20.178627014160156, 19.520488739013672
24.948715209960938, 23.969959259033203, 24.09917640686035
22.328624725341797, 21.432546615600586, 20.30295181274414
24.60636329650879, 23.188430786132812, 21.635021209716797
24.083412170410156, 23.058692932128906, 22.628299713134766
22.7973690032959, 22.841760635375977, 22.885066986083984
24.328357696533203, 23.294700622558594, 22.928070068359375
21.46212387084961, 20.075241088867188, 19.316146850585938
24.526294708251953, 23.611188888549805, 23.513566970825195
26.130386352539062, 25.579633712768555, 22.477508544921875
20.052776336669922, 19.574594497680664, 19.229013442993164
22.147695541381836, 21.416908264160156, 20.482423782348633
24.129980087280273, 23.687639236450195, 22.583818435668945
22.29400634765625, 21.727516174316406, 20.824501037597656
24.040971755981445, 23.54424285888672, 23.150577545166016
23.5284481048584, 22.955352783203125, 22.03330421447754
24.80941390991211, 24.14951515197754, 23.052000045776367
24.10309410095215, 23.573566436767578, 23.118236541748047
24.58374786376953, 24.05002784729004, 23.303239822387695
24.049198150634766, 23.052635192871094, 22.416812896728516
22.499481201171875, 21.86406135559082, 22.12828826904297
23.904054641723633, 22.916494369506836, 22.567119598388672
23.231201171875, 22.861736297607422, 21.156957626342773
15.387277603149414, 14.774024963378906, 14.345905303955078
22.542282104492188, 21.68987464904785, 21.161436080932617
24.511608123779297, 24.095809936523438, 23.216041564941406
21.16309928894043, 20.674936294555664, 20.108577728271484
23.511390686035156, 22.70665740966797, 22.221704483032227
24.18499755859375, 24.42936134338379, 23.373945236206055
24.412460327148438, 24.06417465209961, 23.2818660736084
24.10679817199707, 23.789669036865234, 24.078445434570312
23.798730850219727, 22.960208892822266, 22.695127487182617
23.41162872314453, 22.904937744140625, 22.946260452270508
23.937999725341797, 22.7971248626709, 21.95542335510254
25.553550720214844, 23.95100975036621, 23.86541748046875
23.433956146240234, 22.954050064086914, 22.013303756713867
24.397640228271484, 23.306188583374023, 23.468048095703125
20.2891845703125, 18.6077823638916, 17.782867431640625
22.381797790527344, 21.690553665161133, 20.9960880279541
23.649028778076172, 23.418466567993164, 22.81170654296875
22.399017333984375, 21.709583282470703, 21.081008911132812
23.539417266845703, 23.197940826416016, 22.16238021850586
23.05189323425293, 22.35039520263672, 22.329330444335938
23.767728805541992, 23.19453239440918, 22.68694305419922
23.616987228393555, 23.357946395874023, 22.77587890625
23.79231071472168, 23.800235748291016, 23.701040267944336
23.728883743286133, 22.482934951782227, 21.937503814697266
22.445842742919922, 22.74122428894043, 22.609527587890625
24.093225479125977, 23.789539337158203, 22.617849349975586
24.35075569152832, 23.89763069152832, 22.780677795410156
24.382673263549805, 23.279613494873047, 22.13728904724121
22.486276626586914, 22.160892486572266, 21.381698608398438
24.35664176940918, 24.47821617126465, 24.433490753173828
21.827360153198242, 20.03675079345703, 18.95742416381836
20.618648529052734, 20.090848922729492, 19.714797973632812
24.464534759521484, 22.855417251586914, 21.727596282958984
24.404266357421875, 24.63929557800293, 24.627304077148438
24.846609115600586, 23.760887145996094, 23.11773109436035
25.445049285888672, 23.712848663330078, 23.59567642211914
24.094879150390625, 23.08266258239746, 22.738849639892578
25.31000518798828, 24.259733200073242, 22.92788314819336
23.05967140197754, 22.867799758911133, 22.48320198059082
23.167091369628906, 22.492338180541992, 21.945331573486328
22.21180534362793, 21.470123291015625, 21.10367202758789
25.418994903564453, 23.452579498291016, 21.395469665527344
22.881364822387695, 21.278751373291016, 20.10116958618164
24.381065368652344, 23.87883949279785, 23.32465934753418
23.78790855407715, 23.05821418762207, 23.058069229125977
21.453857421875, 21.185087203979492, 20.940242767333984
22.57801628112793, 21.99274444580078, 21.234024047851562
21.211923599243164, 20.791339874267578, 20.42035675048828
25.530841827392578, 24.656524658203125, 22.251365661621094
23.871356964111328, 23.491350173950195, 23.206499099731445
22.889583587646484, 21.147022247314453, 20.10503387451172
25.88794708251953, 23.725662231445312, 22.608285903930664
24.489648818969727, 22.249603271484375, 20.118593215942383
24.75478744506836, 24.264005661010742, 23.766963958740234
23.679141998291016, 23.217716217041016, 23.55224609375
23.442241668701172, 23.45608139038086, 23.190082550048828
21.80276870727539, 21.522706985473633, 21.35403823852539
24.592531204223633, 23.129701614379883, 22.125751495361328
23.667625427246094, 22.468503952026367, 21.177419662475586
19.699689865112305, 18.79949951171875, 18.160263061523438
19.960124969482422, 19.146535873413086, 18.521936416625977
24.3897705078125, 25.067373275756836, 24.440975189208984
23.51913833618164, 23.03188705444336, 22.55023765563965
20.514142990112305, 19.753156661987305, 19.241865158081055
23.28653335571289, 21.28457260131836, 20.229042053222656
21.981945037841797, 20.13394546508789, 19.085851669311523
24.017194747924805, 23.28899574279785, 22.50025749206543
22.876935958862305, 22.37183380126953, 21.086732864379883
22.67038917541504, 22.03945541381836, 21.949588775634766
24.16283416748047, 22.542741775512695, 21.285472869873047
24.326295852661133, 23.45478630065918, 23.552223205566406
24.015308380126953, 23.280658721923828, 22.525146484375
21.994094848632812, 20.37932586669922, 19.368494033813477
22.70648193359375, 22.19819450378418, 21.17384910583496
24.601350784301758, 23.26458740234375, 21.517911911010742
22.175506591796875, 21.253036499023438, 20.267662048339844
22.89572525024414, 21.75780487060547, 21.131685256958008
25.53267478942871, 23.819629669189453, 22.825576782226562
24.591646194458008, 24.994285583496094, 24.339229583740234
24.538223266601562, 24.343196868896484, 23.83961296081543
23.920103073120117, 23.20268440246582, 22.857818603515625
24.05987548828125, 22.9193058013916, 22.487545013427734
23.836862564086914, 23.439287185668945, 23.057161331176758
21.377077102661133, 20.381162643432617, 19.7557430267334
23.42483139038086, 23.115741729736328, 21.610166549682617
24.78333282470703, 23.747400283813477, 23.376781463623047
22.45233154296875, 20.86745262145996, 19.823062896728516
29.21222686767578, 24.671260833740234, 22.4384708404541
24.935802459716797, 24.415828704833984, 23.782974243164062
23.194385528564453, 22.586790084838867, 21.67535400390625
24.276500701904297, 24.291091918945312, 22.958740234375
21.3355770111084, 20.261249542236328, 19.608137130737305
25.56978416442871, 23.42563819885254, 22.27071762084961
22.185649871826172, 20.247711181640625, 18.969223022460938
23.755430221557617, 22.2215633392334, 21.18489646911621
23.413494110107422, 22.747663497924805, 22.5860538482666
24.926979064941406, 23.708833694458008, 23.231008529663086
25.337749481201172, 23.895978927612305, 22.06673812866211
23.062667846679688, 22.186880111694336, 21.03019905090332
24.652292251586914, 23.694547653198242, 22.422645568847656
26.567663192749023, 23.942707061767578, 23.496116638183594
24.508119583129883, 23.771780014038086, 23.3980770111084
24.314815521240234, 23.64929962158203, 23.370624542236328
21.426788330078125, 20.72826385498047, 20.419214248657227
24.25363540649414, 24.261926651000977, 23.853105545043945
22.93187713623047, 22.422510147094727, 21.8673152923584
23.824172973632812, 23.473377227783203, 22.520763397216797
20.862226486206055, 20.33052635192871, 19.965272903442383
23.941083908081055, 24.12952423095703, 23.606149673461914
24.95732879638672, 24.394651412963867, 23.28201675415039
25.95671272277832, 24.42691993713379, 22.410079956054688
25.494688034057617, 24.35820198059082, 22.499929428100586
24.16684913635254, 23.85811424255371, 23.131956100463867
25.758258819580078, 23.673437118530273, 22.201940536499023
25.550769805908203, 23.48833656311035, 21.389652252197266
22.589834213256836, 22.01580238342285, 21.93772315979004
18.36260223388672, 17.438228607177734, 16.737010955810547
22.654102325439453, 21.7037296295166, 21.12670135498047
25.22789192199707, 24.056238174438477, 22.68715476989746
24.15409278869629, 23.882030487060547, 23.15842056274414
22.306257247924805, 21.81576919555664, 21.57488250732422
22.29598045349121, 20.98251724243164, 20.133220672607422
25.666162490844727, 23.233169555664062, 21.226890563964844
24.229467391967773, 23.326406478881836, 21.935867309570312
24.217788696289062, 23.62310028076172, 23.126659393310547
25.433433532714844, 23.986522674560547, 21.726408004760742
23.712364196777344, 22.722408294677734, 21.084684371948242
23.411535263061523, 22.36564064025879, 21.71007537841797
23.537446975708008, 23.36961555480957, 22.532434463500977
23.347610473632812, 21.525434494018555, 20.20572280883789
25.654644012451172, 23.979934692382812, 22.397031784057617
23.13311004638672, 21.937192916870117, 21.01593780517578
22.618600845336914, 22.057220458984375, 21.83275032043457
23.663095474243164, 23.09388542175293, 22.146907806396484
26.60630226135254, 23.553194046020508, 21.402231216430664
22.609195709228516, 21.8955078125, 21.095945358276367
23.76890754699707, 23.024330139160156, 22.812030792236328
23.534692764282227, 23.026531219482422, 21.997364044189453
24.463638305664062, 24.25615692138672, 23.732769012451172
27.128345489501953, 23.96978187561035, 22.99269676208496
23.96240997314453, 23.558513641357422, 23.07868194580078
23.699779510498047, 22.874555587768555, 22.26130485534668
22.992568969726562, 21.528961181640625, 20.607194900512695
24.23824119567871, 23.39337730407715, 22.864530563354492
23.90207290649414, 22.18871307373047, 20.745540618896484
22.815507888793945, 21.939496994018555, 20.804304122924805
23.835657119750977, 23.44156265258789, 23.09676170349121
22.741575241088867, 21.45344352722168, 20.609783172607422
21.146570205688477, 20.052019119262695, 19.256755828857422
24.297536849975586, 23.158536911010742, 22.421815872192383
22.707508087158203, 20.879220962524414, 19.370580673217773
23.380582809448242, 22.68571662902832, 21.87151336669922
25.469696044921875, 24.3389835357666, 22.221418380737305
25.463760375976562, 23.7724609375, 24.170860290527344
23.765796661376953, 23.603090286254883, 22.473543167114258
23.899520874023438, 23.59234046936035, 22.82197380065918
24.108966827392578, 23.735868453979492, 23.04006004333496
22.195974349975586, 21.346004486083984, 20.76793670654297
23.77506446838379, 23.718748092651367, 22.740285873413086
24.500972747802734, 24.638456344604492, 23.470304489135742
23.2136287689209, 22.51813507080078, 21.736406326293945
24.524229049682617, 23.141210556030273, 22.0440673828125
24.256179809570312, 22.305084228515625, 21.212915420532227
24.894155502319336, 22.458486557006836, 21.040756225585938
21.32819366455078, 20.770570755004883, 20.339794158935547
25.01239776611328, 23.566089630126953, 23.016780853271484
21.324405670166016, 19.987876892089844, 19.027381896972656
24.228322982788086, 24.176776885986328, 22.572511672973633
22.330774307250977, 22.094379425048828, 21.720491409301758
25.274110794067383, 23.97786521911621, 23.81928062438965
21.569974899291992, 20.70941162109375, 19.93743896484375
22.223169326782227, 21.174705505371094, 20.299236297607422
24.62737464904785, 23.313371658325195, 23.090694427490234
24.50049591064453, 24.11064910888672, 22.518808364868164
24.914752960205078, 23.494237899780273, 22.959835052490234
24.357316970825195, 24.69462776184082, 24.801305770874023
23.426435470581055, 23.540607452392578, 22.67261505126953
23.074052810668945, 22.141916275024414, 22.026885986328125
23.48890495300293, 23.34341049194336, 23.096511840820312
25.397480010986328, 24.251285552978516, 22.55022621154785
24.840084075927734, 24.007366180419922, 22.73007583618164
24.905258178710938, 23.690412521362305, 23.310253143310547
23.63772201538086, 22.891050338745117, 21.94348907470703
23.048294067382812, 22.38730812072754, 22.082948684692383
25.19458770751953, 22.930320739746094, 21.361549377441406
27.055423736572266, 23.31930923461914, 21.714330673217773
23.144126892089844, 22.177608489990234, 21.724411010742188
19.53315544128418, 19.182403564453125, 18.958589553833008
24.4508056640625, 23.46843910217285, 22.418590545654297
24.60242462158203, 24.30645179748535, 23.159786224365234
23.8606014251709, 23.612092971801758, 22.95831871032715
24.261611938476562, 22.85637664794922, 21.9063777923584
23.919677734375, 23.705120086669922, 23.72587013244629
23.49838638305664, 23.15587615966797, 22.301551818847656
23.332862854003906, 21.410581588745117, 20.169403076171875
23.501558303833008, 23.197940826416016, 22.432689666748047
24.29363250732422, 23.67374038696289, 23.452402114868164
24.60447883605957, 24.213272094726562, 24.700336456298828
24.745798110961914, 24.90228271484375, 25.639320373535156
24.41975975036621, 24.17331314086914, 25.046512603759766
22.641202926635742, 20.92979621887207, 19.59161376953125
25.441335678100586, 24.015281677246094, 22.60137176513672
24.032615661621094, 23.32608413696289, 22.61063003540039
23.401473999023438, 22.605892181396484, 21.874530792236328
24.74359893798828, 23.8295841217041, 23.84593963623047
25.15320587158203, 24.4561710357666, 22.613636016845703
24.270505905151367, 23.74502944946289, 23.0870418548584
24.174314498901367, 22.882123947143555, 21.24726104736328
24.446182250976562, 25.174894332885742, 24.884170532226562
23.23773193359375, 23.530691146850586, 22.664575576782227
23.067838668823242, 21.743860244750977, 20.972572326660156
25.850017547607422, 23.253009796142578, 21.299184799194336
24.345691680908203, 23.269834518432617, 22.378633499145508
23.890562057495117, 23.447065353393555, 22.51062774658203
25.22216033935547, 24.111392974853516, 23.17874526977539
26.615619659423828, 23.95131492614746, 22.223806381225586
27.306610107421875, 23.769182205200195, 21.820070266723633
21.990205764770508, 20.167072296142578, 19.174392700195312
24.588064193725586, 25.031005859375, 23.33334732055664
23.734756469726562, 23.5825138092041, 22.306385040283203
20.116540908813477, 19.570043563842773, 19.17238998413086
23.670772552490234, 23.158710479736328, 22.33155059814453
24.28409767150879, 22.86461639404297, 21.828245162963867
23.2667236328125, 22.774572372436523, 22.235204696655273
24.462100982666016, 23.66185760498047, 23.367284774780273
24.749204635620117, 23.722806930541992, 23.373544692993164
23.165470123291016, 21.485076904296875, 20.17392349243164
23.917367935180664, 23.391380310058594, 22.449373245239258
22.636754989624023, 22.30156898498535, 21.682701110839844
24.26344871520996, 23.314661026000977, 22.747522354125977
24.400550842285156, 22.227643966674805, 20.23701286315918
24.041858673095703, 23.786502838134766, 23.911596298217773
24.376440048217773, 23.259122848510742, 22.60451316833496
25.344511032104492, 23.409332275390625, 21.978404998779297
24.29963493347168, 23.656269073486328, 23.47614288330078
24.370023727416992, 23.36559295654297, 22.53195571899414
