m_g, m_r, m_z
22.12009048461914, 21.49776268005371, 21.139394760131836
23.857192993164062, 23.911705017089844, 23.758106231689453
22.975685119628906, 22.427793502807617, 21.90948486328125
23.923046112060547, 23.582719802856445, 23.272680282592773
23.755943298339844, 22.920320510864258, 22.451099395751953
22.8758544921875, 21.848159790039062, 21.40707778930664
23.9710750579834, 23.766925811767578, 22.64035415649414
15.26194953918457, 14.395641326904297, 13.740544319152832
24.70728302001953, 23.40658950805664, 22.431625366210938
19.8294677734375, 19.042694091796875, 18.511585235595703
23.57002830505371, 22.611804962158203, 21.128862380981445
23.264385223388672, 23.24163818359375, 23.627626419067383
24.574819564819336, 23.275436401367188, 21.90231704711914
22.06238555908203, 21.781312942504883, 21.72420883178711
23.260299682617188, 22.7097110748291, 22.255985260009766
22.661020278930664, 22.227190017700195, 22.4167423248291
20.25398063659668, 19.761186599731445, 19.431419372558594
23.21240234375, 22.74295425415039, 21.39270782470703
22.616230010986328, 22.15602684020996, 21.425344467163086
24.070724487304688, 23.217260360717773, 22.93296241760254
24.334177017211914, 23.0731201171875, 22.251150131225586
23.931800842285156, 23.236621856689453, 23.338424682617188
22.943153381347656, 22.415416717529297, 22.384496688842773
20.903818130493164, 20.259111404418945, 19.888996124267578
23.518033981323242, 22.534378051757812, 22.137617111206055
23.03426170349121, 22.596435546875, 22.027490615844727
23.79651641845703, 22.58462905883789, 21.459924697875977
23.292720794677734, 22.9340877532959, 22.338335037231445
24.44548988342285, 23.299009323120117, 22.46909523010254
24.436140060424805, 23.2849178314209, 23.472925186157227
24.070186614990234, 23.281015396118164, 22.81416130065918
22.8470516204834, 21.941709518432617, 21.519807815551758
25.961217880249023, 23.71811294555664, 21.847444534301758
24.5303955078125, 23.5821533203125, 21.965879440307617
22.85936164855957, 22.175472259521484, 21.098047256469727
23.079923629760742, 21.625137329101562, 20.078815460205078
23.741085052490234, 23.033754348754883, 23.044185638427734
22.828983306884766, 21.319730758666992, 20.508642196655273
24.504695892333984, 22.770265579223633, 21.16349220275879
23.701074600219727, 23.044092178344727, 22.590700149536133
20.614713668823242, 19.90904426574707, 19.2767333984375
21.889362335205078, 20.95994758605957, 20.231964111328125
23.773176193237305, 23.4813289642334, 22.111568450927734
24.512100219726562, 23.606409072875977, 22.767101287841797
25.152305603027344, 24.89101791381836, 22.906518936157227
23.48360824584961, 22.7656307220459, 22.37734031677246
25.01755142211914, 23.58333969116211, 22.35831642150879
23.634510040283203, 22.70072364807129, 22.308940887451172
23.486141204833984, 23.007030487060547, 22.86396026611328
21.214380264282227, 20.078006744384766, 19.345033645629883
22.942333221435547, 22.24954605102539, 21.532991409301758
23.645343780517578, 21.804733276367188, 20.589534759521484
24.48773956298828, 23.41299819946289, 23.09296989440918
18.69594955444336, 17.529356002807617, 16.78615379333496
26.003023147583008, 24.890945434570312, 22.859365463256836
24.434581756591797, 23.74666976928711, 22.90746307373047
23.6434268951416, 22.840471267700195, 22.295555114746094
23.777587890625, 23.3433837890625, 23.229841232299805
23.922588348388672, 24.372791290283203, 22.82635498046875
24.399791717529297, 24.37263298034668, 23.308319091796875
24.431198120117188, 23.89457130432129, 23.01494598388672
24.516550064086914, 23.903488159179688, 23.290307998657227
23.754487991333008, 23.105693817138672, 21.703271865844727
24.11497688293457, 22.97663688659668, 22.21861457824707
21.937210083007812, 21.413230895996094, 21.123485565185547
24.1572208404541, 23.947729110717773, 22.41870880126953
23.531885147094727, 22.989717483520508, 21.46767807006836
24.49100685119629, 24.333477020263672, 23.908618927001953
23.031227111816406, 22.22844886779785, 21.751901626586914
23.955350875854492, 23.13250732421875, 22.568466186523438
24.797805786132812, 22.835769653320312, 21.424121856689453
24.372215270996094, 23.754383087158203, 22.84293556213379
23.878843307495117, 23.507375717163086, 22.917272567749023
22.937299728393555, 21.92304039001465, 21.434377670288086
23.482465744018555, 22.705705642700195, 22.4743709564209
23.980545043945312, 23.702890396118164, 23.054704666137695
24.20821762084961, 23.384347915649414, 22.440589904785156
23.225812911987305, 22.554067611694336, 21.90001678466797
24.61613655090332, 24.496734619140625, 23.27501106262207
24.220659255981445, 23.368263244628906, 23.486095428466797
23.38352394104004, 22.669544219970703, 22.617351531982422
24.446701049804688, 25.209362030029297, 22.64236831665039
23.750886917114258, 23.74489974975586, 22.02488136291504
24.862119674682617, 24.055421829223633, 22.62882423400879
23.967546463012695, 23.517744064331055, 22.374149322509766
23.059614181518555, 22.520713806152344, 22.04302215576172
23.880868911743164, 22.43177604675293, 21.96140480041504
23.61454963684082, 23.03017234802246, 22.135169982910156
21.745046615600586, 21.024824142456055, 20.561439514160156
21.88033103942871, 21.002582550048828, 20.62013053894043
27.089872360229492, 24.04949951171875, 22.62135887145996
24.696218490600586, 24.659543991088867, 23.00572395324707
23.869932174682617, 23.540925979614258, 22.417552947998047
23.93175506591797, 23.022546768188477, 22.55111312866211
23.722673416137695, 22.517480850219727, 22.055490493774414
20.06576919555664, 18.704015731811523, 17.814380645751953
23.966981887817383, 23.67049789428711, 23.434425354003906
23.648754119873047, 22.33266258239746, 21.188949584960938
23.493080139160156, 22.457786560058594, 21.65622901916504
19.49435806274414, 18.398897171020508, 17.703346252441406
23.631078720092773, 23.018394470214844, 22.078754425048828
24.48483657836914, 23.656814575195312, 24.383827209472656
24.274791717529297, 23.951162338256836, 23.031827926635742
24.13384437561035, 23.419475555419922, 22.858177185058594
24.1511287689209, 22.91498565673828, 22.496620178222656
22.85520362854004, 22.28693962097168, 21.942554473876953
19.262699127197266, 18.39413833618164, 17.790138244628906
24.53444480895996, 23.59736442565918, 22.78152847290039
23.406612396240234, 23.034313201904297, 22.46025848388672
24.758390426635742, 23.613536834716797, 23.079544067382812
25.008567810058594, 23.548423767089844, 21.75702476501465
23.611722946166992, 22.682374954223633, 22.125629425048828
24.473169326782227, 23.629833221435547, 22.586923599243164
23.9908447265625, 23.328662872314453, 22.12691879272461
22.96750831604004, 22.186580657958984, 21.309263229370117
23.921194076538086, 22.292930603027344, 20.43294906616211
23.14649200439453, 22.081918716430664, 21.585678100585938
24.196102142333984, 23.475488662719727, 22.414705276489258
23.522354125976562, 23.112672805786133, 22.229209899902344
24.579957962036133, 23.51036262512207, 22.962289810180664
22.173534393310547, 21.990379333496094, 21.801855087280273
23.815874099731445, 22.950336456298828, 22.320056915283203
23.352678298950195, 22.6295108795166, 22.087846755981445
27.541261672973633, 24.159713745117188, 22.67212677001953
23.77439308166504, 22.378753662109375, 21.115577697753906
23.762924194335938, 23.541316986083984, 22.85554313659668
24.2734317779541, 23.590839385986328, 23.610769271850586
23.240583419799805, 21.927444458007812, 21.346071243286133
24.238222122192383, 23.616151809692383, 22.787961959838867
19.949098587036133, 18.783302307128906, 17.974498748779297
24.762014389038086, 23.71965217590332, 22.907123565673828
23.68268585205078, 22.939212799072266, 22.957956314086914
23.64256477355957, 22.966562271118164, 22.71805191040039
24.10956573486328, 23.25290298461914, 22.26931381225586
24.63369369506836, 23.317298889160156, 22.875141143798828
23.783405303955078, 23.132688522338867, 22.307199478149414
23.531543731689453, 22.80829429626465, 21.871856689453125
24.24972915649414, 24.681156158447266, 23.510908126831055
23.60848617553711, 23.314579010009766, 23.189359664916992
24.33572769165039, 25.07864761352539, 23.546504974365234
23.735240936279297, 23.044164657592773, 22.272369384765625
23.579933166503906, 23.14316177368164, 22.135005950927734
23.064769744873047, 21.913881301879883, 20.78811264038086
22.36743927001953, 21.757843017578125, 20.109769821166992
23.837541580200195, 23.384063720703125, 22.5008544921875
23.136837005615234, 22.073814392089844, 20.56778335571289
22.318744659423828, 21.469560623168945, 20.72216796875
23.896520614624023, 24.4487247467041, 22.37708854675293
23.584375381469727, 23.211048126220703, 22.852025985717773
23.415870666503906, 23.188825607299805, 23.59663963317871
25.066951751708984, 23.993444442749023, 22.997730255126953
22.09310531616211, 21.124361038208008, 20.501880645751953
24.229351043701172, 23.168180465698242, 22.50510597229004
22.761919021606445, 22.053449630737305, 21.732643127441406
23.281396865844727, 22.360380172729492, 21.751066207885742
23.318906784057617, 22.626419067382812, 22.026649475097656
23.855785369873047, 22.983501434326172, 22.44387435913086
23.926380157470703, 24.112041473388672, 22.752840042114258
23.301904678344727, 22.936702728271484, 22.724220275878906
24.76601791381836, 25.033647537231445, 23.544050216674805
23.437084197998047, 23.52517318725586, 23.054676055908203
21.942371368408203, 21.19093894958496, 20.619237899780273
22.197866439819336, 21.378448486328125, 20.875831604003906
24.63351821899414, 23.4443416595459, 23.579282760620117
23.210716247558594, 22.65818977355957, 21.995742797851562
18.162883758544922, 17.361827850341797, 16.760295867919922
21.655006408691406, 20.997390747070312, 20.609663009643555
24.424013137817383, 26.862993240356445, 25.17066764831543
23.66450309753418, 23.97565460205078, 23.18446159362793
24.362869262695312, 23.977134704589844, 22.749256134033203
26.925329208374023, 24.172786712646484, 21.740203857421875
23.772411346435547, 23.736413955688477, 23.591028213500977
23.942447662353516, 23.94140625, 22.756244659423828
23.84613037109375, 22.87775993347168, 22.09760093688965
23.181303024291992, 22.27680015563965, 21.807682037353516
22.863754272460938, 21.913843154907227, 20.714431762695312
19.803390502929688, 19.233095169067383, 18.82855224609375
23.190185546875, 22.530622482299805, 23.18735694885254
24.876544952392578, 24.49004364013672, 22.9920654296875
24.285057067871094, 22.477985382080078, 20.580692291259766
24.568864822387695, 24.04474639892578, 23.47294807434082
20.84941864013672, 20.142059326171875, 19.64617919921875
24.96608543395996, 22.152563095092773, 20.337947845458984
22.4392147064209, 21.427658081054688, 20.72185516357422
24.851259231567383, 23.117822647094727, 21.474245071411133
23.04387664794922, 22.4073543548584, 21.99019432067871
23.832822799682617, 23.703035354614258, 23.098758697509766
24.41594696044922, 24.484039306640625, 23.47662353515625
24.159875869750977, 23.3302059173584, 22.392488479614258
24.11832046508789, 23.67491912841797, 23.75859832763672
23.12236785888672, 21.382665634155273, 20.267303466796875
25.207496643066406, 24.43254852294922, 23.17127227783203
22.575841903686523, 21.99636459350586, 21.61454200744629
24.000896453857422, 23.74186134338379, 25.08049201965332
22.695186614990234, 21.731876373291016, 20.525535583496094
26.463275909423828, 24.4755802154541, 22.50733184814453
24.405189514160156, 23.409563064575195, 22.490835189819336
24.21611976623535, 24.191709518432617, 23.21551513671875
24.799129486083984, 23.80261993408203, 22.72315788269043
22.56293487548828, 21.707290649414062, 21.277664184570312
23.53230857849121, 23.361465454101562, 22.46099853515625
24.16483497619629, 23.290685653686523, 22.7680721282959
23.972034454345703, 23.341888427734375, 23.327848434448242
24.230003356933594, 22.541994094848633, 20.735273361206055
21.19517707824707, 20.590518951416016, 20.43419075012207
23.90846824645996, 22.706069946289062, 21.352298736572266
24.474077224731445, 23.634502410888672, 22.34867286682129
25.14869499206543, 24.26860237121582, 22.61577033996582
24.051795959472656, 24.102893829345703, 23.679615020751953
18.500408172607422, 17.80436897277832, 17.343395233154297
23.926359176635742, 23.61818504333496, 22.970367431640625
25.090105056762695, 23.48267936706543, 22.37767791748047
24.548892974853516, 23.55934715270996, 23.51590347290039
23.082382202148438, 22.13803482055664, 21.763900756835938
24.430683135986328, 24.290773391723633, 23.07656478881836
24.621936798095703, 23.730628967285156, 22.81615447998047
21.7081356048584, 21.183549880981445, 20.911514282226562
19.484661102294922, 18.276857376098633, 17.512605667114258
24.242822647094727, 23.544178009033203, 22.73338508605957
23.796634674072266, 23.827869415283203, 23.165491104125977
25.208280563354492, 24.159940719604492, 22.88603401184082
19.276363372802734, 18.038972854614258, 17.236865997314453
22.99460792541504, 22.144014358520508, 21.67298126220703
24.753034591674805, 23.356523513793945, 22.428743362426758
23.223304748535156, 22.919452667236328, 22.241003036499023
23.530620574951172, 23.101573944091797, 22.19211196899414
23.51425552368164, 22.675613403320312, 22.258934020996094
23.99710464477539, 24.216175079345703, 22.86913299560547
23.736766815185547, 22.845117568969727, 21.863798141479492
23.393346786499023, 22.74758529663086, 21.523998260498047
24.509157180786133, 23.297401428222656, 21.2198486328125
24.446687698364258, 23.741397857666016, 22.81733512878418
24.023273468017578, 23.770536422729492, 23.973800659179688
25.154451370239258, 23.503557205200195, 21.564794540405273
22.313861846923828, 21.50937271118164, 20.980928421020508
23.925207138061523, 23.150548934936523, 22.549903869628906
22.64868927001953, 21.436969757080078, 20.58442497253418
18.240156173706055, 17.20391845703125, 16.493515014648438
24.497295379638672, 23.2725772857666, 22.63421058654785
24.306312561035156, 23.480562210083008, 23.25070571899414
23.57508087158203, 22.83420181274414, 22.47831916809082
23.6191349029541, 23.725650787353516, 23.386709213256836
20.812692642211914, 20.199127197265625, 19.753644943237305
24.162322998046875, 23.041040420532227, 22.580379486083984
24.172151565551758, 23.291223526000977, 22.512741088867188
24.199451446533203, 22.92630958557129, 21.963497161865234
24.60080337524414, 23.174598693847656, 22.13042640686035
25.47757911682129, 24.194103240966797, 22.993532180786133
23.601600646972656, 23.69189453125, 22.15565299987793
23.78131103515625, 23.437761306762695, 23.29694938659668
21.769134521484375, 20.144241333007812, 19.27773094177246
24.753145217895508, 23.809019088745117, 23.25899887084961
24.385944366455078, 23.58725357055664, 22.9857177734375
23.401826858520508, 22.40352439880371, 21.8693904876709
24.89967918395996, 24.21172523498535, 23.173070907592773
23.73225212097168, 23.647695541381836, 23.1042537689209
22.794692993164062, 22.640012741088867, 22.32564926147461
25.174177169799805, 23.471118927001953, 21.78516387939453
23.012765884399414, 22.670679092407227, 21.426305770874023
23.34211540222168, 23.7454833984375, 22.073143005371094
23.831066131591797, 23.40561294555664, 22.848237991333008
22.875194549560547, 22.21098518371582, 21.63461685180664
23.082719802856445, 22.144819259643555, 21.801006317138672
23.273303985595703, 22.497156143188477, 22.636493682861328
24.080583572387695, 23.6787109375, 23.307960510253906
22.314250946044922, 21.51205062866211, 21.047216415405273
22.070356369018555, 20.992603302001953, 20.276145935058594
24.2957820892334, 23.57134437561035, 22.370397567749023
24.230361938476562, 24.407222747802734, 25.009536743164062
24.162784576416016, 22.612625122070312, 20.760028839111328
21.735767364501953, 20.204448699951172, 19.38203239440918
23.98270606994629, 24.201881408691406, 22.574583053588867
22.949893951416016, 21.657730102539062, 20.54647445678711
23.212129592895508, 22.42740821838379, 21.56249237060547
23.420297622680664, 23.276901245117188, 22.712055206298828
23.555673599243164, 22.913314819335938, 21.77714729309082
24.298721313476562, 23.66531753540039, 22.435094833374023
24.450143814086914, 24.58611297607422, 23.2928409576416
24.268157958984375, 23.603282928466797, 23.32480239868164
22.60464859008789, 21.890974044799805, 21.91631317138672
23.15379524230957, 22.7749080657959, 21.743024826049805
23.20649528503418, 22.782821655273438, 22.752296447753906
24.37189292907715, 23.269922256469727, 22.237627029418945
22.95563507080078, 22.555212020874023, 21.985633850097656
23.62824249267578, 23.036876678466797, 21.694591522216797
22.47705078125, 21.471071243286133, 20.772897720336914
23.52915382385254, 23.578712463378906, 22.276844024658203
22.386510848999023, 21.70330238342285, 21.37727165222168
23.178510665893555, 22.20816421508789, 20.92363166809082
22.7602596282959, 22.091829299926758, 21.718358993530273
23.074668884277344, 22.079683303833008, 21.865495681762695
24.873361587524414, 23.637676239013672, 21.96466636657715
24.810731887817383, 24.14585304260254, 22.915931701660156
25.635284423828125, 24.392440795898438, 22.633441925048828
23.145870208740234, 22.73403549194336, 22.18899917602539
24.508150100708008, 23.516775131225586, 23.522930145263672
22.97694969177246, 22.031890869140625, 21.67469024658203
25.328739166259766, 24.711227416992188, 22.778324127197266
23.406538009643555, 22.966609954833984, 23.572898864746094
22.946765899658203, 22.549633026123047, 21.955842971801758
24.12384033203125, 23.693023681640625, 22.803997039794922
19.241764068603516, 19.124950408935547, 19.567121505737305
22.6572322845459, 22.021926879882812, 21.55410385131836
20.18185043334961, 19.029380798339844, 18.268878936767578
24.048749923706055, 23.297199249267578, 22.592044830322266
23.761531829833984, 23.545780181884766, 23.305213928222656
20.508506774902344, 20.42594337463379, 20.238183975219727
24.257028579711914, 24.263959884643555, 24.831022262573242
18.10342025756836, 17.668962478637695, 17.908309936523438
24.33930206298828, 24.406063079833984, 24.972930908203125
24.03769302368164, 23.611173629760742, 23.354572296142578
24.608436584472656, 22.618244171142578, 21.206253051757812
24.03142738342285, 24.07762908935547, 22.876445770263672
24.035781860351562, 23.426883697509766, 22.89012908935547
24.147178649902344, 23.67707061767578, 23.293853759765625
25.2458553314209, 24.417835235595703, 22.38344955444336
25.62403106689453, 25.641122817993164, 22.513099670410156
22.939844131469727, 22.40104103088379, 22.17502212524414
24.276947021484375, 23.565044403076172, 22.619792938232422
24.406009674072266, 23.75865936279297, 24.013578414916992
23.87639617919922, 23.723966598510742, 23.47425079345703
24.447933197021484, 27.1871337890625, 23.869525909423828
24.372934341430664, 24.29095458984375, 23.19451904296875
20.905393600463867, 20.381210327148438, 20.0296688079834
22.701791763305664, 21.69198226928711, 20.659732818603516
23.45235252380371, 22.999235153198242, 22.071514129638672
18.905017852783203, 18.228591918945312, 18.1928768157959
23.214048385620117, 22.370454788208008, 21.59002113342285
23.608856201171875, 22.948013305664062, 21.864700317382812
23.690900802612305, 22.4898738861084, 22.067630767822266
19.689260482788086, 19.40534019470215, 19.315250396728516
22.192445755004883, 21.822956085205078, 21.374855041503906
23.584474563598633, 23.563491821289062, 22.589630126953125
23.854022979736328, 24.099895477294922, 22.808055877685547
23.74381446838379, 23.648401260375977, 22.746530532836914
24.033950805664062, 25.294849395751953, 25.230968475341797
23.368839263916016, 23.230897903442383, 22.394882202148438
23.984905242919922, 23.41459083557129, 22.913175582885742
23.363243103027344, 23.174362182617188, 22.30970001220703
22.877178192138672, 22.768259048461914, 22.283567428588867
24.35753059387207, 23.958127975463867, 23.42202377319336
24.686182022094727, 23.891475677490234, 22.071517944335938
24.013431549072266, 23.273962020874023, 22.09874725341797
18.61829376220703, 18.26476287841797, 18.214221954345703
22.988487243652344, 22.503067016601562, 21.565711975097656
23.95048713684082, 23.362281799316406, 23.134199142456055
26.259262084960938, 24.594345092773438, 22.616804122924805
24.42837905883789, 23.603240966796875, 22.217256546020508
21.62286376953125, 20.551239013671875, 19.729246139526367
23.818613052368164, 23.427471160888672, 22.61221694946289
18.418384552001953, 17.87223243713379, 17.665592193603516
13.425495147705078, 12.78778076171875, 12.181344985961914
24.596418380737305, 24.383676528930664, 22.735891342163086
22.279747009277344, 21.130699157714844, 20.208276748657227
25.096426010131836, 23.748249053955078, 23.004220962524414
25.967945098876953, 22.8784236907959, 21.059207916259766
18.57268524169922, 17.978973388671875, 18.246898651123047
17.787498474121094, 17.191570281982422, 17.04949188232422
23.877681732177734, 22.838037490844727, 22.259002685546875
23.816720962524414, 23.23750877380371, 22.2866153717041
22.918819427490234, 21.4049072265625, 19.771085739135742
23.797264099121094, 23.444108963012695, 23.578201293945312
23.132404327392578, 22.25894546508789, 21.73453140258789
23.57646369934082, 22.789113998413086, 21.722949981689453
25.857404708862305, 24.704849243164062, 22.33977699279785
23.744478225708008, 22.90956687927246, 22.738826751708984
17.477352142333984, 17.038862228393555, 17.063037872314453
23.647130966186523, 22.253616333007812, 21.740325927734375
24.530651092529297, 24.408403396606445, 23.42451286315918
23.944726943969727, 23.757610321044922, 22.351516723632812
22.48434829711914, 22.0974063873291, 21.515300750732422
25.106342315673828, 24.651119232177734, 22.632211685180664
23.54281997680664, 23.177404403686523, 22.63899803161621
24.483179092407227, 23.886472702026367, 23.191410064697266
23.959697723388672, 23.20568084716797, 22.299238204956055
23.639324188232422, 23.589462280273438, 24.334585189819336
24.13906478881836, 23.23504066467285, 22.884517669677734
23.201824188232422, 21.61231231689453, 20.099117279052734
26.841514587402344, 25.275074005126953, 22.372913360595703
22.716598510742188, 22.366426467895508, 21.774282455444336
23.82937240600586, 23.637950897216797, 23.52235984802246
23.29360008239746, 22.296113967895508, 21.58005714416504
24.374832153320312, 24.26038932800293, 24.904857635498047
24.23716926574707, 23.972827911376953, 22.801883697509766
23.82103157043457, 23.026491165161133, 21.937522888183594
23.34781265258789, 22.2475528717041, 20.911651611328125
24.262876510620117, 23.859134674072266, 22.46778106689453
24.363527297973633, 23.270896911621094, 21.713106155395508
23.24951934814453, 22.89188003540039, 21.953994750976562
23.14010238647461, 22.609407424926758, 22.15542221069336
23.63046646118164, 23.40505599975586, 22.27952766418457
22.6456298828125, 21.82335090637207, 21.429746627807617
23.05813980102539, 21.801651000976562, 20.97922134399414
22.048707962036133, 21.68109893798828, 21.313148498535156
24.402538299560547, 23.982147216796875, 23.68315887451172
24.271102905273438, 23.924396514892578, 23.749130249023438
22.966690063476562, 22.751924514770508, 21.710962295532227
23.221311569213867, 23.08965301513672, 22.152162551879883
23.24308967590332, 22.67888832092285, 21.884313583374023
24.978010177612305, 23.48129653930664, 21.403926849365234
23.748653411865234, 23.145450592041016, 22.608139038085938
22.588911056518555, 21.83984375, 21.09835433959961
23.224082946777344, 22.599063873291016, 21.749374389648438
24.39226531982422, 23.601985931396484, 23.29665184020996
24.136056900024414, 22.892578125, 21.239442825317383
24.441204071044922, 24.318843841552734, 23.71949005126953
15.341960906982422, 14.515836715698242, 13.830425262451172
23.785280227661133, 23.391115188598633, 22.930837631225586
23.34632110595703, 22.640613555908203, 22.83379554748535
25.09372329711914, 24.12670135498047, 22.744068145751953
22.23764991760254, 21.446685791015625, 20.841773986816406
24.30634307861328, 23.946794509887695, 22.914621353149414
23.29939079284668, 22.392168045043945, 21.745864868164062
20.264623641967773, 19.15102195739746, 18.476154327392578
22.07695960998535, 21.149526596069336, 20.49837875366211
24.074968338012695, 24.09767723083496, 23.898305892944336
23.317628860473633, 23.224512100219727, 22.522314071655273
22.702028274536133, 21.62982177734375, 21.031944274902344
23.931495666503906, 23.30711555480957, 22.39152717590332
23.884000778198242, 23.610570907592773, 22.9802303314209
24.698270797729492, 24.124340057373047, 22.721729278564453
19.720001220703125, 19.298402786254883, 19.41362190246582
24.208906173706055, 22.81743621826172, 22.399456024169922
25.022884368896484, 23.601398468017578, 23.359603881835938
23.725500106811523, 23.570598602294922, 23.128162384033203
25.804458618164062, 23.458171844482422, 21.674633026123047
24.36042594909668, 23.61537742614746, 23.207839965820312
22.64276885986328, 21.487215042114258, 20.952707290649414
22.511219024658203, 22.30023193359375, 22.129619598388672
23.63067054748535, 23.192888259887695, 22.743627548217773
23.812602996826172, 23.412817001342773, 22.542909622192383
24.49488067626953, 23.669462203979492, 22.11156463623047
22.707067489624023, 21.682376861572266, 21.526668548583984
23.42374038696289, 22.791109085083008, 22.797359466552734
24.513025283813477, 23.72582244873047, 22.959617614746094
24.324010848999023, 23.970447540283203, 23.762969970703125
23.261150360107422, 22.723115921020508, 22.10856056213379
23.267959594726562, 22.966045379638672, 21.951740264892578
16.877927780151367, 16.382923126220703, 16.040983200073242
23.597118377685547, 23.715761184692383, 23.182056427001953
18.25634002685547, 18.036243438720703, 17.939464569091797
21.357534408569336, 20.641809463500977, 20.133525848388672
24.138885498046875, 23.52559471130371, 22.94094467163086
23.830045700073242, 22.292869567871094, 21.45326805114746
22.422019958496094, 22.039506912231445, 21.746068954467773
21.965822219848633, 20.98727035522461, 20.83272933959961
20.153583526611328, 19.54637908935547, 19.197439193725586
23.267730712890625, 22.800565719604492, 22.004051208496094
21.96299934387207, 22.286977767944336, 22.410188674926758
24.465656280517578, 22.994850158691406, 21.35580062866211
23.703365325927734, 23.321006774902344, 22.97539710998535
23.388429641723633, 22.745851516723633, 21.668899536132812
22.958362579345703, 22.214208602905273, 21.81325912475586
22.995073318481445, 22.356937408447266, 21.897869110107422
22.335121154785156, 21.817209243774414, 21.497344970703125
23.62179946899414, 23.45362091064453, 22.19996452331543
23.85361671447754, 23.568578720092773, 23.333105087280273
22.303110122680664, 21.086328506469727, 20.168209075927734
24.58635711669922, 23.714435577392578, 22.670129776000977
22.60428810119629, 21.9915714263916, 21.070159912109375
23.190031051635742, 22.315038681030273, 21.710735321044922
22.614883422851562, 21.490570068359375, 21.03064727783203
22.351327896118164, 21.524717330932617, 21.004549026489258
23.21540069580078, 23.009662628173828, 22.261798858642578
22.1052188873291, 21.296268463134766, 20.822355270385742
24.15340805053711, 23.845247268676758, 23.24835205078125
22.90997314453125, 22.181489944458008, 20.93419075012207
23.152179718017578, 22.80953598022461, 22.3419189453125
23.82830810546875, 23.157920837402344, 24.366445541381836
23.963603973388672, 23.80657386779785, 22.626230239868164
23.99241065979004, 23.52476692199707, 23.086807250976562
23.32459831237793, 22.656667709350586, 21.758647918701172
23.756711959838867, 23.818634033203125, 23.704448699951172
24.601896286010742, 23.231304168701172, 22.36553955078125
24.8158016204834, 23.674503326416016, 21.916353225708008
24.18018913269043, 23.36583709716797, 23.804088592529297
24.027284622192383, 24.11113166809082, 23.569028854370117
24.0579776763916, 23.106651306152344, 22.011899948120117
23.847261428833008, 23.393146514892578, 23.009429931640625
22.20587921142578, 21.165061950683594, 20.274490356445312
23.49782371520996, 22.78306007385254, 22.07585906982422
23.264081954956055, 22.506805419921875, 22.179826736450195
22.821378707885742, 21.656450271606445, 21.285640716552734
25.548192977905273, 23.806062698364258, 23.42449951171875
24.43224334716797, 23.63848304748535, 22.51496696472168
20.900714874267578, 20.04425811767578, 20.095394134521484
23.53803825378418, 23.367446899414062, 22.826120376586914
26.919635772705078, 23.77525520324707, 22.21753692626953
24.543066024780273, 23.707714080810547, 26.445266723632812
23.076297760009766, 22.089996337890625, 20.84606170654297
24.116703033447266, 23.41053581237793, 23.123287200927734
24.081493377685547, 24.260793685913086, 23.598445892333984
23.964712142944336, 24.956327438354492, 23.774333953857422
28.183170318603516, 24.255935668945312, 22.279525756835938
21.81061363220215, 21.240875244140625, 21.28049087524414
23.465635299682617, 23.1624813079834, 22.231428146362305
23.285099029541016, 22.95013999938965, 22.154123306274414
24.594337463378906, 24.539348602294922, 22.93807601928711
24.792110443115234, 24.277280807495117, 22.867536544799805
22.255952835083008, 21.250747680664062, 20.729778289794922
23.611997604370117, 22.686519622802734, 22.576799392700195
24.305770874023438, 24.019941329956055, 24.319198608398438
23.653793334960938, 22.868175506591797, 22.468847274780273
24.5629825592041, 23.700321197509766, 23.00743865966797
24.229251861572266, 25.261823654174805, 25.97463035583496
23.499479293823242, 22.379047393798828, 20.895660400390625
23.749732971191406, 23.508790969848633, 23.090248107910156
24.65648651123047, 23.54251480102539, 22.00194549560547
23.385988235473633, 22.21834373474121, 21.055545806884766
23.73763084411621, 23.22041893005371, 23.118436813354492
24.471158981323242, 23.69781494140625, 23.08645248413086
23.12569236755371, 22.672975540161133, 22.543659210205078
22.692731857299805, 22.682222366333008, 22.685136795043945
23.946256637573242, 22.869234085083008, 22.735980987548828
22.885669708251953, 22.04910659790039, 21.596864700317383
24.920475006103516, 23.61490249633789, 23.400449752807617
23.279449462890625, 22.077392578125, 20.863306045532227
22.949419021606445, 22.950639724731445, 22.05738067626953
23.173908233642578, 22.079059600830078, 20.8134708404541
23.624645233154297, 23.015792846679688, 22.456581115722656
22.53402328491211, 21.25843620300293, 20.43833351135254
24.062362670898438, 23.68163299560547, 23.1231746673584
23.745946884155273, 23.320932388305664, 22.344131469726562
23.89434242248535, 21.606861114501953, 20.02463722229004
24.370330810546875, 24.299152374267578, 23.0959415435791
23.338632583618164, 22.422916412353516, 22.067893981933594
23.26687240600586, 22.388427734375, 21.781505584716797
23.328210830688477, 22.452789306640625, 20.850168228149414
23.510221481323242, 22.983238220214844, 21.653627395629883
24.145769119262695, 24.222251892089844, 23.6739501953125
22.661087036132812, 22.04463768005371, 20.982906341552734
23.695484161376953, 23.087419509887695, 21.932519912719727
23.592803955078125, 22.751850128173828, 22.018665313720703
24.479270935058594, 23.023813247680664, 22.22288703918457
23.16415786743164, 22.219430923461914, 21.117130279541016
23.460315704345703, 22.58875274658203, 21.130020141601562
25.08696746826172, 23.71833610534668, 22.236644744873047
27.685840606689453, 23.40712547302246, 24.271888732910156
23.69646453857422, 23.0071964263916, 24.653568267822266
23.021108627319336, 21.702165603637695, 20.740589141845703
24.367919921875, 23.222888946533203, 22.00495147705078
20.6732177734375, 20.2635555267334, 19.86597442626953
23.173002243041992, 22.25079917907715, 21.653764724731445
24.580907821655273, 23.90054702758789, 22.681734085083008
24.125011444091797, 24.078847885131836, 23.025466918945312
23.51915740966797, 22.43239974975586, 21.79711151123047
25.256059646606445, 24.13190460205078, 22.488178253173828
23.07491111755371, 22.19426918029785, 21.44853401184082
24.754032135009766, 23.911815643310547, 22.567363739013672
24.598310470581055, 24.234500885009766, 23.76074981689453
22.617387771606445, 21.211952209472656, 20.15004539489746
24.529502868652344, 23.188161849975586, 22.79271697998047
20.683839797973633, 20.042835235595703, 19.665250778198242
23.916210174560547, 22.97687339782715, 22.174741744995117
20.282445907592773, 19.52728271484375, 18.97916603088379
23.010387420654297, 22.468364715576172, 21.458297729492188
20.563182830810547, 19.75299835205078, 19.299747467041016
23.61229705810547, 22.47945785522461, 21.79751205444336
23.78175926208496, 23.14377784729004, 22.82411003112793
22.564210891723633, 21.798648834228516, 21.408973693847656
24.313684463500977, 24.0427188873291, 22.606464385986328
22.252687454223633, 21.098800659179688, 19.874622344970703
23.97969627380371, 23.939489364624023, 23.538610458374023
21.03297996520996, 20.570852279663086, 20.344266891479492
24.422395706176758, 23.81458854675293, 23.713422775268555
23.895713806152344, 23.52077865600586, 22.884113311767578
24.02115249633789, 23.64288330078125, 23.120080947875977
24.098142623901367, 24.44694709777832, 23.05886459350586
24.446990966796875, 24.234737396240234, 22.67874526977539
22.87548065185547, 22.48784828186035, 22.068531036376953
23.74456787109375, 22.565067291259766, 21.42473793029785
22.816856384277344, 21.82893943786621, 21.156513214111328
23.794281005859375, 22.600223541259766, 21.872230529785156
24.397632598876953, 24.653390884399414, 23.08392333984375
22.239133834838867, 21.280323028564453, 20.435726165771484
24.435577392578125, 24.235891342163086, 22.81209373474121
24.33393096923828, 24.037841796875, 22.917261123657227
25.40231704711914, 23.451438903808594, 21.932401657104492
24.77849578857422, 23.385963439941406, 21.843181610107422
24.592151641845703, 23.593608856201172, 23.2666072845459
22.604454040527344, 22.066255569458008, 21.41741943359375
22.780532836914062, 21.88884162902832, 21.637725830078125
22.827165603637695, 22.180776596069336, 21.513593673706055
24.560623168945312, 24.006986618041992, 24.0499267578125
23.979801177978516, 23.505720138549805, 22.564189910888672
24.39857292175293, 22.89890480041504, 21.446714401245117
24.347389221191406, 23.216079711914062, 22.732942581176758
22.52777671813965, 22.080787658691406, 21.475200653076172
24.43358039855957, 23.1044864654541, 23.135334014892578
23.626657485961914, 22.73748779296875, 21.36370086669922
25.660541534423828, 24.645336151123047, 23.138641357421875
23.999683380126953, 22.118261337280273, 21.759374618530273
23.40837287902832, 22.920942306518555, 22.449748992919922
24.263023376464844, 23.768247604370117, 23.2443790435791
25.736454010009766, 23.570711135864258, 21.57111930847168
23.935237884521484, 23.37795639038086, 22.754337310791016
24.046632766723633, 23.816537857055664, 23.329431533813477
14.12783432006836, 13.256128311157227, 12.603633880615234
22.826444625854492, 21.860389709472656, 21.384119033813477
24.01780891418457, 23.63068962097168, 22.93758201599121
22.786415100097656, 22.45474624633789, 21.648624420166016
22.734779357910156, 22.204288482666016, 21.897079467773438
23.779613494873047, 23.292165756225586, 22.466955184936523
21.078655242919922, 20.372583389282227, 19.982379913330078
22.921138763427734, 21.3776798248291, 20.519826889038086
22.863264083862305, 21.312559127807617, 20.699222564697266
23.110992431640625, 22.466617584228516, 21.086353302001953
24.78083610534668, 24.156076431274414, 23.78131103515625
22.696874618530273, 21.299959182739258, 20.293909072875977
22.133384704589844, 21.73721694946289, 21.20926284790039
23.79789924621582, 24.61100959777832, 24.600780487060547
23.495849609375, 23.4169864654541, 22.395734786987305
24.477724075317383, 23.61883544921875, 23.054033279418945
26.308460235595703, 24.29057502746582, 23.051918029785156
24.11223030090332, 22.717529296875, 21.009998321533203
26.03115463256836, 25.86674690246582, 22.370445251464844
24.957927703857422, 22.672176361083984, 22.657331466674805
23.899118423461914, 23.35672378540039, 22.27774429321289
24.77701759338379, 23.641948699951172, 24.986923217773438
23.750431060791016, 23.491573333740234, 22.85047149658203
24.72364616394043, 24.661548614501953, 23.10877799987793
21.47643280029297, 19.914207458496094, 18.9414119720459
24.59607696533203, 24.448562622070312, 22.727170944213867
23.3990421295166, 22.767845153808594, 22.413759231567383
23.77665138244629, 24.440637588500977, 23.330976486206055
23.29633140563965, 22.426578521728516, 22.10834312438965
23.039155960083008, 22.410552978515625, 21.685441970825195
22.60293197631836, 21.06139373779297, 19.6815242767334
24.029224395751953, 23.664392471313477, 23.011600494384766
24.05235481262207, 23.40155029296875, 22.48975372314453
23.72963523864746, 23.541358947753906, 22.657466888427734
23.217199325561523, 22.74960708618164, 21.80739402770996
24.139785766601562, 24.07267951965332, 22.91236686706543
20.26735496520996, 19.434654235839844, 18.949600219726562
24.195526123046875, 23.080163955688477, 22.92481231689453
22.976537704467773, 21.988243103027344, 21.581056594848633
21.346601486206055, 21.152660369873047, 20.176639556884766
22.48693084716797, 22.05963134765625, 21.183624267578125
22.581043243408203, 22.400484085083008, 21.733224868774414
22.335880279541016, 21.182453155517578, 20.779918670654297
24.96989631652832, 23.362302780151367, 23.056344985961914
24.345537185668945, 24.16365623474121, 24.693628311157227
23.52692413330078, 22.43387794494629, 21.28069496154785
23.760417938232422, 23.424264907836914, 22.684751510620117
22.964805603027344, 22.293378829956055, 21.71200180053711
22.194578170776367, 21.112180709838867, 20.971397399902344
19.736257553100586, 18.590717315673828, 18.01797866821289
23.68576431274414, 22.776525497436523, 22.6381778717041
24.415172576904297, 24.34073829650879, 23.56466293334961
22.8731746673584, 21.802831649780273, 21.425214767456055
22.96942138671875, 22.035987854003906, 21.310373306274414
29.050094604492188, 25.549606323242188, 22.957027435302734
23.540021896362305, 22.32538604736328, 21.041601181030273
23.729564666748047, 23.316814422607422, 22.542909622192383
23.54408836364746, 22.971912384033203, 21.80622100830078
20.44927978515625, 19.676063537597656, 19.16954803466797
23.090333938598633, 22.097118377685547, 20.90129852294922
23.734193801879883, 23.222900390625, 22.601655960083008
21.86886215209961, 20.107282638549805, 19.234498977661133
24.45144271850586, 24.028703689575195, 23.201507568359375
23.70153045654297, 23.85820198059082, 22.952503204345703
24.00777244567871, 22.949443817138672, 22.245882034301758
19.706031799316406, 18.9080810546875, 18.218839645385742
23.113258361816406, 22.731670379638672, 21.477989196777344
23.667268753051758, 23.672142028808594, 23.324302673339844
24.635099411010742, 24.34658432006836, 22.979839324951172
24.23777198791504, 23.939849853515625, 24.891277313232422
23.791227340698242, 23.432403564453125, 22.200645446777344
24.814590454101562, 23.94957733154297, 22.60614013671875
23.83319091796875, 23.1685848236084, 22.494508743286133
23.654739379882812, 23.261455535888672, 22.467145919799805
24.075313568115234, 23.474231719970703, 23.945701599121094
21.958799362182617, 20.336807250976562, 19.452356338500977
23.674358367919922, 23.085046768188477, 22.52680206298828
22.402345657348633, 21.661794662475586, 20.88869857788086
24.458498001098633, 24.19929313659668, 23.8150634765625
23.4897403717041, 23.469831466674805, 22.620864868164062
25.50865364074707, 23.88357162475586, 22.48660659790039
22.11815643310547, 20.524206161499023, 19.620750427246094
23.820087432861328, 23.11669158935547, 21.89160919189453
23.956491470336914, 23.15003776550293, 22.586261749267578
22.837003707885742, 22.434947967529297, 21.75154685974121
25.701824188232422, 23.501659393310547, 22.116331100463867
23.541587829589844, 23.177248001098633, 22.623899459838867
26.884374618530273, 24.485719680786133, 22.870546340942383
23.523693084716797, 23.13966941833496, 22.5221004486084
24.277891159057617, 23.849184036254883, 23.696645736694336
24.077877044677734, 23.634294509887695, 22.66937255859375
23.4011173248291, 22.666244506835938, 21.69451332092285
23.958738327026367, 24.120071411132812, 23.509765625
23.460926055908203, 23.217103958129883, 22.369260787963867
24.189313888549805, 23.584447860717773, 22.40912628173828
23.238910675048828, 21.515243530273438, 20.450122833251953
25.209028244018555, 23.752370834350586, 23.798259735107422
24.402454376220703, 24.61508560180664, 24.690845489501953
23.16922950744629, 21.980125427246094, 20.512577056884766
23.128005981445312, 22.412490844726562, 21.452722549438477
24.431711196899414, 23.975330352783203, 23.151033401489258
23.66317367553711, 22.79781150817871, 21.991731643676758
24.090978622436523, 23.175626754760742, 23.05817222595215
24.476940155029297, 24.97002601623535, 23.414199829101562
23.115684509277344, 22.16799545288086, 21.59830665588379
22.912473678588867, 22.31417465209961, 21.755706787109375
24.220111846923828, 24.644384384155273, 24.69256591796875
24.47805404663086, 23.660669326782227, 22.957183837890625
23.412582397460938, 23.19589614868164, 22.765853881835938
25.338531494140625, 23.81862449645996, 22.25091552734375
25.652219772338867, 24.111248016357422, 22.369140625
23.796735763549805, 23.017013549804688, 22.89621925354004
22.57852554321289, 20.822975158691406, 19.53575897216797
25.29338836669922, 24.363723754882812, 22.663015365600586
24.20909881591797, 24.170679092407227, 23.57208251953125
24.159709930419922, 23.856468200683594, 23.204540252685547
24.27431869506836, 23.550878524780273, 23.094907760620117
24.19857406616211, 22.822837829589844, 22.37105369567871
26.18042755126953, 25.81218910217285, 22.78093719482422
23.29463768005371, 22.83449363708496, 21.842432022094727
24.304458618164062, 23.46959686279297, 22.898881912231445
23.435352325439453, 22.914562225341797, 22.385892868041992
24.139545440673828, 23.65518569946289, 22.15959358215332
24.006498336791992, 23.125587463378906, 22.77011489868164
23.80685806274414, 23.049888610839844, 22.61271858215332
24.13868522644043, 23.507577896118164, 22.72982406616211
23.453147888183594, 23.28618621826172, 22.93368148803711
24.145709991455078, 23.507644653320312, 22.803184509277344
23.380172729492188, 21.361787796020508, 19.94152069091797
24.48328399658203, 23.399518966674805, 23.400245666503906
23.26189422607422, 22.209674835205078, 21.42840576171875
24.08977699279785, 23.41233253479004, 22.642545700073242
24.358915328979492, 24.46036148071289, 22.92772674560547
25.879486083984375, 23.526926040649414, 21.843608856201172
24.257843017578125, 23.722753524780273, 23.34600830078125
24.63007354736328, 23.58736801147461, 21.909576416015625
23.374731063842773, 22.73607635498047, 22.347707748413086
23.36804962158203, 22.463401794433594, 22.376001358032227
23.660856246948242, 23.2902889251709, 24.29143524169922
24.94526481628418, 24.33391761779785, 22.638484954833984
25.696487426757812, 23.776029586791992, 22.303747177124023
23.82159423828125, 23.261127471923828, 22.470176696777344
23.400039672851562, 23.300987243652344, 22.32505226135254
24.35076332092285, 22.37873077392578, 20.96743392944336
24.17920684814453, 22.32564926147461, 21.144777297973633
23.828857421875, 23.0112247467041, 22.542787551879883
23.970569610595703, 23.180086135864258, 22.505329132080078
23.21671485900879, 22.596555709838867, 22.465238571166992
23.916824340820312, 23.515058517456055, 23.157390594482422
22.87625503540039, 21.655235290527344, 20.425540924072266
22.37203598022461, 20.77691078186035, 19.75778579711914
24.631851196289062, 24.335893630981445, 23.022689819335938
21.899837493896484, 21.36631202697754, 20.652822494506836
25.00851821899414, 23.944881439208984, 22.16651153564453
21.962024688720703, 21.73232078552246, 21.311046600341797
24.290271759033203, 22.973007202148438, 22.545190811157227
22.899028778076172, 21.979990005493164, 21.39931869506836
23.251867294311523, 22.22454071044922, 21.28632926940918
23.895862579345703, 22.979637145996094, 22.171621322631836
17.560550689697266, 16.66183853149414, 16.05215835571289
23.001611709594727, 22.105379104614258, 21.552200317382812
20.96263885498047, 20.33620262145996, 19.72604751586914
24.46870231628418, 22.914337158203125, 21.166292190551758
22.88938331604004, 22.078794479370117, 21.565732955932617
24.017892837524414, 23.762937545776367, 23.558948516845703
24.268394470214844, 24.06296157836914, 24.260635375976562
24.091148376464844, 23.993709564208984, 22.936464309692383
22.873571395874023, 21.432584762573242, 20.4442138671875
23.960477828979492, 23.8828182220459, 23.09539222717285
24.333974838256836, 23.815818786621094, 22.747161865234375
24.410961151123047, 24.21981430053711, 24.466859817504883
18.757736206054688, 18.44051742553711, 18.260129928588867
24.717378616333008, 23.747148513793945, 22.714656829833984
23.367799758911133, 23.005224227905273, 22.5114803314209
22.861526489257812, 22.066919326782227, 21.631141662597656
23.207046508789062, 23.225807189941406, 22.578763961791992
