m_g, m_r, m_z
23.137052536010742, 22.922718048095703, 22.04730796813965
22.20136070251465, 21.076988220214844, 20.25162124633789
23.949626922607422, 23.42259407043457, 22.893396377563477
24.018508911132812, 23.762025833129883, 22.658231735229492
23.460973739624023, 23.22924041748047, 22.549213409423828
23.126787185668945, 22.21364974975586, 20.88557243347168
23.942350387573242, 22.728336334228516, 21.248985290527344
24.245101928710938, 24.103805541992188, 24.190689086914062
23.96286392211914, 22.88345718383789, 21.570293426513672
24.050199508666992, 23.058940887451172, 22.47487449645996
23.810707092285156, 22.84693145751953, 22.444414138793945
24.01813316345215, 23.858667373657227, 22.84970474243164
26.602230072021484, 23.31577491760254, 21.760820388793945
23.227970123291016, 23.176055908203125, 22.720151901245117
23.63865852355957, 22.992305755615234, 22.42643928527832
24.122949600219727, 24.912059783935547, 24.273151397705078
23.85552215576172, 24.43962860107422, 24.022964477539062
25.03789520263672, 23.49501609802246, 22.823320388793945
22.394742965698242, 21.725597381591797, 21.29475975036621
23.9464168548584, 23.293378829956055, 22.323755264282227
23.339988708496094, 22.956228256225586, 22.75106430053711
24.229429244995117, 23.70724105834961, 22.797555923461914
24.09035873413086, 23.327754974365234, 22.434478759765625
22.189441680908203, 21.387638092041016, 20.207170486450195
23.337615966796875, 24.88945198059082, 22.35816764831543
24.558204650878906, 23.707855224609375, 24.69407844543457
23.679855346679688, 23.11852264404297, 22.113969802856445
25.297643661499023, 23.60947036743164, 22.396995544433594
25.051437377929688, 23.85405731201172, 22.05088996887207
22.855531692504883, 21.762704849243164, 21.40070343017578
24.53892707824707, 24.542613983154297, 23.3743839263916
24.546770095825195, 22.71046257019043, 20.904205322265625
20.460987091064453, 19.913366317749023, 19.525087356567383
21.54387855529785, 21.130130767822266, 20.869844436645508
23.548845291137695, 22.946325302124023, 22.00977325439453
24.099817276000977, 23.741825103759766, 22.6334285736084
24.101993560791016, 23.674386978149414, 22.81037139892578
23.40304946899414, 22.8468074798584, 21.679567337036133
24.8869571685791, 24.017396926879883, 22.929140090942383
23.892770767211914, 23.05217933654785, 22.40855598449707
23.969642639160156, 23.725650787353516, 23.229557037353516
24.456829071044922, 23.62652587890625, 22.69672966003418
23.490543365478516, 23.131271362304688, 22.865442276000977
23.182939529418945, 22.796733856201172, 22.736696243286133
23.442903518676758, 22.94156837463379, 22.97076416015625
24.040210723876953, 23.863624572753906, 22.720582962036133
24.402812957763672, 23.691940307617188, 23.724300384521484
24.285017013549805, 24.277149200439453, 22.993953704833984
24.54248046875, 24.39497947692871, 23.667255401611328
23.199386596679688, 21.48560333251953, 20.305747985839844
21.239013671875, 20.47826385498047, 20.06170082092285
22.81590461730957, 21.037858963012695, 19.765541076660156
24.37036895751953, 23.379131317138672, 22.630735397338867
23.871219635009766, 23.34077262878418, 22.491825103759766
24.3990535736084, 23.638158798217773, 22.618541717529297
24.553197860717773, 24.048381805419922, 23.297651290893555
22.561384201049805, 21.59139060974121, 20.988916397094727
23.54753875732422, 22.25209617614746, 21.274545669555664
23.25029945373535, 22.01280975341797, 21.187938690185547
24.521284103393555, 23.95117950439453, 22.30497932434082
23.418630599975586, 23.15673065185547, 21.98049545288086
24.50412368774414, 24.319686889648438, 23.196331024169922
24.110733032226562, 24.026798248291016, 23.165319442749023
24.107942581176758, 24.008020401000977, 22.029644012451172
25.012163162231445, 24.552873611450195, 23.0274715423584
23.653642654418945, 23.2769718170166, 22.014589309692383
25.202022552490234, 24.25613784790039, 22.698070526123047
23.655057907104492, 22.663105010986328, 22.198266983032227
24.19852066040039, 23.7308406829834, 22.29585838317871
25.140127182006836, 23.849924087524414, 22.20034408569336
23.772594451904297, 22.965782165527344, 21.68465805053711
24.06836700439453, 23.03533363342285, 22.563825607299805
21.85106658935547, 21.240909576416016, 20.844345092773438
23.622507095336914, 23.121932983398438, 22.154075622558594
24.096376419067383, 23.93840789794922, 22.140518188476562
23.538942337036133, 22.749927520751953, 22.493724822998047
23.949432373046875, 23.8660888671875, 23.29905891418457
23.383203506469727, 22.489704132080078, 21.799236297607422
25.393951416015625, 23.472387313842773, 21.742202758789062
24.07930564880371, 23.677587509155273, 22.917001724243164
23.817420959472656, 23.53253173828125, 22.671314239501953
24.292728424072266, 22.01818084716797, 20.328351974487305
24.232202529907227, 23.621360778808594, 23.18327522277832
24.849586486816406, 22.9560546875, 21.45391273498535
24.160024642944336, 23.26091194152832, 21.052949905395508
24.18597412109375, 24.496063232421875, 24.41667938232422
24.02925682067871, 24.40959358215332, 24.273468017578125
19.836153030395508, 19.14784812927246, 18.75605583190918
24.484304428100586, 24.003013610839844, 24.983251571655273
23.624238967895508, 22.888275146484375, 22.39278793334961
24.09933090209961, 23.21563720703125, 22.841487884521484
23.318592071533203, 23.51626205444336, 22.829830169677734
26.11844253540039, 24.44183349609375, 22.34526824951172
24.603471755981445, 23.841350555419922, 23.495140075683594
24.944917678833008, 23.508291244506836, 22.919967651367188
23.578628540039062, 22.935375213623047, 22.298320770263672
25.049449920654297, 23.497840881347656, 21.626405715942383
23.832542419433594, 23.421894073486328, 23.097070693969727
24.366872787475586, 23.954345703125, 23.522104263305664
25.021419525146484, 24.028953552246094, 22.148645401000977
23.741153717041016, 22.878904342651367, 22.61625862121582
24.38616180419922, 23.275859832763672, 22.296720504760742
24.232421875, 23.818603515625, 23.368709564208984
24.3416748046875, 23.59206199645996, 22.429550170898438
23.83116912841797, 23.887786865234375, 22.27405548095703
23.996614456176758, 24.40007209777832, 23.443449020385742
24.00419807434082, 23.78757095336914, 22.669452667236328
24.256732940673828, 24.6066837310791, 23.53139877319336
24.28053092956543, 23.299116134643555, 23.47451400756836
23.77538299560547, 23.103443145751953, 22.74822998046875
27.11893653869629, 23.88037872314453, 21.717304229736328
22.90553855895996, 21.395797729492188, 20.335777282714844
23.432220458984375, 22.69034194946289, 21.172679901123047
24.278961181640625, 22.492712020874023, 20.65121078491211
23.16391944885254, 22.768402099609375, 22.567407608032227
23.425247192382812, 22.948076248168945, 22.558971405029297
20.340368270874023, 19.497390747070312, 18.902706146240234
22.941604614257812, 22.515888214111328, 21.89468765258789
22.695140838623047, 21.692209243774414, 21.24142074584961
25.85491371154785, 23.711727142333984, 22.80599594116211
22.603317260742188, 22.02988052368164, 21.67757225036621
24.50433349609375, 23.36058807373047, 22.432605743408203
24.431272506713867, 24.14521026611328, 22.50863265991211
24.085891723632812, 23.665563583374023, 23.43164825439453
21.347808837890625, 20.821561813354492, 20.41188621520996
24.127708435058594, 23.943513870239258, 23.222335815429688
23.576404571533203, 22.604955673217773, 21.760622024536133
24.708087921142578, 23.409814834594727, 22.78583526611328
23.225046157836914, 22.44782066345215, 21.423112869262695
23.802106857299805, 22.028043746948242, 20.98819351196289
21.786008834838867, 19.99652862548828, 18.95035171508789
22.967384338378906, 21.512121200561523, 20.615352630615234
23.859045028686523, 22.09307861328125, 21.147037506103516
22.82426643371582, 22.408655166625977, 22.496688842773438
24.095741271972656, 24.25386619567871, 23.187864303588867
24.19631004333496, 23.438241958618164, 22.422101974487305
23.84243392944336, 24.088176727294922, 23.871868133544922
24.01695442199707, 23.902271270751953, 23.522884368896484
25.463212966918945, 24.298147201538086, 22.10291290283203
22.357933044433594, 21.714759826660156, 21.310203552246094
24.149017333984375, 24.271408081054688, 24.04576873779297
22.206296920776367, 21.589012145996094, 21.14312171936035
24.74651336669922, 22.748889923095703, 21.241336822509766
23.935632705688477, 22.836654663085938, 20.994447708129883
23.837318420410156, 22.766176223754883, 21.989534378051758
24.859609603881836, 23.50373077392578, 21.890512466430664
24.754648208618164, 23.738325119018555, 23.168546676635742
24.600786209106445, 22.9580135345459, 21.37276268005371
21.291309356689453, 20.712478637695312, 20.38449478149414
24.049528121948242, 24.248184204101562, 26.933076858520508
21.512725830078125, 19.8955020904541, 19.04851722717285
23.00698471069336, 21.9576416015625, 21.47809600830078
22.979049682617188, 21.978429794311523, 21.504600524902344
23.531126022338867, 22.926223754882812, 22.394859313964844
25.258237838745117, 24.507770538330078, 22.69542121887207
23.210479736328125, 22.9573917388916, 22.822250366210938
23.441387176513672, 22.393386840820312, 21.83314323425293
22.64739990234375, 20.78757095336914, 19.891340255737305
24.000450134277344, 23.706695556640625, 23.735445022583008
24.478979110717773, 23.517210006713867, 23.119848251342773
24.272228240966797, 23.237262725830078, 22.62715721130371
23.29776954650879, 22.95733642578125, 22.994550704956055
24.20826530456543, 24.09710121154785, 22.773256301879883
22.78244972229004, 21.458480834960938, 20.360523223876953
24.09541893005371, 22.760452270507812, 21.7275390625
21.878196716308594, 20.797548294067383, 20.195003509521484
22.56427764892578, 22.040597915649414, 21.536163330078125
23.213308334350586, 21.980321884155273, 21.323627471923828
17.765880584716797, 17.316791534423828, 17.043062210083008
24.40028953552246, 24.270904541015625, 23.631107330322266
23.585159301757812, 23.468721389770508, 23.11051368713379
24.387371063232422, 24.23119354248047, 23.79578971862793
24.056713104248047, 24.454275131225586, 22.99239730834961
24.57615089416504, 24.463232040405273, 23.84660530090332
23.71719741821289, 22.818626403808594, 22.053855895996094
20.118099212646484, 19.373926162719727, 18.90383529663086
24.517702102661133, 23.519636154174805, 23.576833724975586
24.199525833129883, 24.33898162841797, 23.936573028564453
25.213912963867188, 24.121183395385742, 23.224014282226562
22.68240737915039, 21.33155059814453, 20.33261489868164
24.278560638427734, 23.95317840576172, 22.765539169311523
23.235300064086914, 22.4650936126709, 21.853443145751953
23.34111976623535, 22.5811710357666, 22.092931747436523
24.611209869384766, 23.52178955078125, 23.147836685180664
24.81535530090332, 23.741317749023438, 23.282527923583984
24.923982620239258, 24.356473922729492, 23.524459838867188
23.85706329345703, 22.971599578857422, 22.25786781311035
23.13554573059082, 22.9969539642334, 22.818038940429688
24.029708862304688, 23.130918502807617, 22.74655532836914
24.104385375976562, 23.279937744140625, 22.670650482177734
24.96978187561035, 24.03457260131836, 22.845230102539062
24.612140655517578, 24.869022369384766, 26.09058380126953
23.61771583557129, 23.205524444580078, 23.136760711669922
24.646089553833008, 23.779207229614258, 23.571805953979492
20.222881317138672, 19.550859451293945, 19.0927677154541
24.14688491821289, 23.95348358154297, 23.79420280456543
24.205219268798828, 23.353595733642578, 23.056184768676758
23.85951805114746, 23.55778694152832, 22.830778121948242
24.258846282958984, 23.631616592407227, 23.583528518676758
24.364059448242188, 23.83985137939453, 23.634334564208984
23.228254318237305, 22.621971130371094, 21.4718017578125
24.324342727661133, 24.30905532836914, 23.132854461669922
25.028284072875977, 23.23442840576172, 21.905250549316406
25.210908889770508, 23.7509765625, 22.60243797302246
23.6638126373291, 23.101898193359375, 21.335710525512695
25.428062438964844, 24.3505859375, 22.62588119506836
24.22673225402832, 23.84355926513672, 23.241424560546875
24.834375381469727, 23.735031127929688, 23.679309844970703
23.70125961303711, 23.380338668823242, 24.374692916870117
20.644750595092773, 20.829235076904297, 19.843393325805664
22.62928581237793, 22.217254638671875, 21.677753448486328
23.588603973388672, 22.80016326904297, 21.726154327392578
23.937480926513672, 23.318086624145508, 22.317901611328125
23.200252532958984, 23.037261962890625, 22.288105010986328
23.6876220703125, 22.385765075683594, 21.67438316345215
23.06394386291504, 22.582901000976562, 22.096439361572266
21.6490478515625, 20.471065521240234, 19.811050415039062
20.601659774780273, 20.383682250976562, 20.124330520629883
24.223594665527344, 23.988460540771484, 23.222270965576172
24.754892349243164, 22.998435974121094, 21.182842254638672
23.682659149169922, 23.37481117248535, 25.081640243530273
24.134695053100586, 23.25394630432129, 22.729463577270508
23.872255325317383, 23.60000228881836, 22.90736198425293
22.7253475189209, 22.20263671875, 22.02455711364746
23.992677688598633, 23.468669891357422, 22.885746002197266
24.422332763671875, 24.01404571533203, 23.7835636138916
22.771312713623047, 20.97403335571289, 19.640426635742188
23.854299545288086, 23.20395851135254, 22.20380401611328
25.29043197631836, 23.869991302490234, 22.286602020263672
24.388675689697266, 24.472700119018555, 24.18899917602539
24.09088706970215, 22.692005157470703, 21.688045501708984
24.14920997619629, 23.74646759033203, 23.44405174255371
24.997028350830078, 23.589357376098633, 23.389739990234375
21.2429141998291, 20.645252227783203, 20.534225463867188
23.24456787109375, 21.478260040283203, 19.73158073425293
24.283504486083984, 24.231555938720703, 23.586227416992188
23.71879005432129, 25.043792724609375, 23.741867065429688
24.632118225097656, 23.72545051574707, 22.167665481567383
23.1536808013916, 22.746164321899414, 21.808446884155273
23.51578140258789, 22.445837020874023, 21.505680084228516
21.384140014648438, 20.773164749145508, 20.44196891784668
24.698043823242188, 23.875566482543945, 24.330467224121094
22.58183479309082, 21.869091033935547, 21.533233642578125
24.139863967895508, 23.407917022705078, 23.195165634155273
24.769411087036133, 23.94324493408203, 24.00071907043457
22.73554039001465, 22.269939422607422, 21.39849853515625
22.946548461914062, 22.25932502746582, 21.11443328857422
23.847673416137695, 22.854496002197266, 22.606658935546875
24.723608016967773, 23.475984573364258, 22.957956314086914
24.24903678894043, 24.380908966064453, 21.74410057067871
19.294130325317383, 18.772075653076172, 18.469890594482422
24.144794464111328, 23.377748489379883, 22.902902603149414
21.61063575744629, 20.828678131103516, 20.522354125976562
25.232139587402344, 24.245031356811523, 23.168514251708984
22.953704833984375, 22.061246871948242, 21.707008361816406
15.474234580993652, 14.411174774169922, 13.585051536560059
24.46883201599121, 23.74432373046875, 23.66330909729004
22.991565704345703, 22.53007698059082, 22.34725570678711
23.69329071044922, 23.031618118286133, 22.495201110839844
25.066383361816406, 24.55150604248047, 22.696453094482422
24.211502075195312, 23.242368698120117, 23.012134552001953
23.843542098999023, 23.850107192993164, 22.93928337097168
24.55712127685547, 23.803085327148438, 23.59868621826172
23.861961364746094, 23.72226905822754, 23.453672409057617
24.352258682250977, 24.153444290161133, 23.871662139892578
24.42691421508789, 24.07440757751465, 23.103567123413086
24.838748931884766, 24.035511016845703, 23.573514938354492
18.268741607666016, 17.49603271484375, 17.081470489501953
22.52290153503418, 21.66324234008789, 21.290597915649414
15.346409797668457, 14.48752212524414, 13.807059288024902
24.10562515258789, 23.980316162109375, 23.084983825683594
24.14598274230957, 23.827468872070312, 23.539775848388672
23.220151901245117, 22.295785903930664, 21.762218475341797
23.468568801879883, 22.71294593811035, 22.7462215423584
24.52412223815918, 24.005725860595703, 23.445899963378906
23.26412010192871, 22.827463150024414, 22.285146713256836
23.518354415893555, 22.261756896972656, 22.32303237915039
26.015775680541992, 25.485191345214844, 22.753557205200195
23.86190414428711, 21.96898078918457, 20.265029907226562
23.186193466186523, 21.808916091918945, 20.353408813476562
24.35300064086914, 23.879833221435547, 23.583267211914062
22.987140655517578, 22.87515640258789, 22.268104553222656
23.86018943786621, 23.380075454711914, 22.416135787963867
22.6422119140625, 21.906261444091797, 21.465539932250977
23.384355545043945, 22.64480972290039, 21.375810623168945
23.585285186767578, 22.81878089904785, 22.758258819580078
25.13702392578125, 23.757360458374023, 21.8267765045166
24.219934463500977, 25.093114852905273, 23.324878692626953
21.319446563720703, 20.709197998046875, 20.328433990478516
22.58055305480957, 21.605918884277344, 20.90450096130371
25.048324584960938, 24.340932846069336, 22.365755081176758
23.880760192871094, 22.156057357788086, 20.89133644104004
20.30242919921875, 19.49919319152832, 18.99127197265625
24.292625427246094, 23.533811569213867, 22.567302703857422
22.612037658691406, 21.879283905029297, 21.489051818847656
23.143590927124023, 22.323495864868164, 22.02242088317871
24.379898071289062, 23.11628532409668, 23.051097869873047
22.217052459716797, 21.061126708984375, 20.228004455566406
23.928251266479492, 23.337343215942383, 22.28129005432129
23.665489196777344, 22.783884048461914, 22.178668975830078
22.53165054321289, 21.997236251831055, 21.732797622680664
23.884572982788086, 23.384441375732422, 22.464540481567383
24.28649139404297, 23.2686710357666, 22.48558235168457
23.993867874145508, 23.508832931518555, 22.6113338470459
23.504459381103516, 23.41975975036621, 22.830121994018555
22.699626922607422, 22.024818420410156, 21.5830020904541
24.223844528198242, 24.137405395507812, 23.293453216552734
23.341684341430664, 22.43229866027832, 21.905729293823242
24.527631759643555, 23.74681854248047, 23.46136474609375
25.38557243347168, 24.610063552856445, 22.462915420532227
23.744976043701172, 22.487878799438477, 21.70873260498047
15.255753517150879, 14.401382446289062, 13.70069694519043
23.092103958129883, 21.819896697998047, 20.51897430419922
22.952112197875977, 22.373157501220703, 22.195003509521484
24.307485580444336, 23.045408248901367, 22.187694549560547
21.90863037109375, 21.630577087402344, 20.76311492919922
22.820072174072266, 22.635417938232422, 22.031455993652344
23.84186553955078, 25.862548828125, 23.92179298400879
24.286033630371094, 25.341829299926758, 23.60593605041504
23.948022842407227, 23.358015060424805, 23.35663604736328
24.245223999023438, 23.931222915649414, 23.652549743652344
22.72235870361328, 21.97449493408203, 21.657764434814453
23.331022262573242, 22.079607009887695, 21.012231826782227
23.960813522338867, 23.134733200073242, 22.23106575012207
22.746078491210938, 22.122549057006836, 21.650976181030273
22.007179260253906, 21.234521865844727, 20.9810791015625
22.64257049560547, 21.77909278869629, 20.86337661743164
24.54292869567871, 24.273361206054688, 22.818166732788086
23.583553314208984, 22.877317428588867, 22.21230125427246
24.404224395751953, 23.652700424194336, 22.346229553222656
23.533742904663086, 21.902816772460938, 20.482145309448242
23.09771728515625, 21.651304244995117, 20.393970489501953
24.46182632446289, 23.764429092407227, 23.778005599975586
22.82762908935547, 21.69402313232422, 20.94601821899414
23.609216690063477, 22.116756439208984, 22.716690063476562
22.300739288330078, 20.445281982421875, 19.216882705688477
25.229127883911133, 24.08477020263672, 22.37947654724121
25.33021354675293, 23.334287643432617, 22.822036743164062
19.995468139648438, 19.489013671875, 19.173503875732422
22.043231964111328, 21.26590919494629, 20.814495086669922
24.425153732299805, 24.405550003051758, 23.602436065673828
24.766075134277344, 25.718536376953125, 23.816011428833008
24.567102432250977, 23.90860939025879, 23.84770965576172
23.803659439086914, 23.100248336791992, 22.569461822509766
23.24494743347168, 22.888885498046875, 22.415693283081055
24.473962783813477, 23.490768432617188, 22.918800354003906
23.883689880371094, 23.473962783813477, 23.02427101135254
24.718860626220703, 23.295915603637695, 22.095867156982422
23.866378784179688, 22.137052536010742, 20.649219512939453
23.70653533935547, 22.82696533203125, 21.642011642456055
24.037792205810547, 23.89261817932129, 23.23359489440918
23.43992805480957, 22.35670280456543, 21.717695236206055
24.388559341430664, 23.898874282836914, 23.56072998046875
25.255321502685547, 23.89520835876465, 23.328418731689453
22.437313079833984, 21.52900505065918, 20.7257022857666
24.293231964111328, 24.099170684814453, 23.33049774169922
23.804643630981445, 22.96926498413086, 22.877714157104492
24.17120361328125, 22.833200454711914, 21.040306091308594
23.633045196533203, 22.75766944885254, 22.751615524291992
23.331588745117188, 22.33744239807129, 21.856603622436523
23.230636596679688, 22.816919326782227, 22.235912322998047
23.95283317565918, 23.540332794189453, 22.62759780883789
21.47612953186035, 20.69382667541504, 20.181884765625
23.705595016479492, 22.061683654785156, 20.44202995300293
20.257747650146484, 19.677291870117188, 19.256546020507812
25.127357482910156, 23.33354949951172, 21.746784210205078
24.035314559936523, 22.853166580200195, 21.881099700927734
25.92474365234375, 24.39542007446289, 22.24749183654785
23.889820098876953, 23.176687240600586, 22.09273910522461
24.494476318359375, 24.15178871154785, 24.525760650634766
23.103816986083984, 21.75044059753418, 20.75372314453125
24.616125106811523, 24.283905029296875, 24.702295303344727
24.854534149169922, 23.85943603515625, 23.064699172973633
22.48256492614746, 21.251564025878906, 20.45131492614746
23.67694091796875, 23.11109733581543, 22.068037033081055
24.474472045898438, 24.282806396484375, 24.10312271118164
23.606813430786133, 22.577993392944336, 21.92185401916504
22.68363380432129, 21.74993896484375, 21.386972427368164
23.955305099487305, 23.466516494750977, 22.96696662902832
21.76271629333496, 20.70429039001465, 20.126995086669922
23.708288192749023, 22.441225051879883, 20.812070846557617
23.610624313354492, 23.17133903503418, 22.502750396728516
23.73686981201172, 23.552078247070312, 22.572248458862305
23.95509147644043, 23.417707443237305, 23.262392044067383
24.37437629699707, 23.781295776367188, 22.668737411499023
23.675222396850586, 22.958602905273438, 22.493444442749023
24.093515396118164, 23.25039291381836, 22.565475463867188
23.345449447631836, 22.522212982177734, 22.44652557373047
24.786083221435547, 24.06230354309082, 22.93284034729004
21.2601318359375, 20.436195373535156, 19.855222702026367
24.967025756835938, 23.495399475097656, 22.261226654052734
24.0378475189209, 23.468883514404297, 23.14289093017578
21.582836151123047, 20.948389053344727, 20.55491065979004
23.816282272338867, 22.87899398803711, 21.54041290283203
23.49492835998535, 22.82921600341797, 22.354686737060547
24.267345428466797, 23.211515426635742, 22.68794059753418
24.414403915405273, 25.546520233154297, 23.730913162231445
23.396507263183594, 23.406158447265625, 22.638975143432617
23.357580184936523, 22.3035888671875, 21.23876190185547
18.597198486328125, 18.12720489501953, 17.775497436523438
22.348175048828125, 20.964555740356445, 20.128734588623047
22.291427612304688, 20.97332191467285, 20.04862403869629
24.908798217773438, 24.11313247680664, 23.131567001342773
22.004980087280273, 21.098434448242188, 20.961503982543945
23.14651870727539, 22.4785099029541, 22.12877655029297
20.202375411987305, 19.378442764282227, 18.84377670288086
23.095420837402344, 22.549434661865234, 22.132949829101562
20.364648818969727, 19.06615447998047, 18.26764678955078
24.468610763549805, 23.779987335205078, 22.656009674072266
24.30204963684082, 22.75269317626953, 21.865158081054688
22.051027297973633, 21.191659927368164, 20.851308822631836
25.678627014160156, 24.92278480529785, 23.00304412841797
23.16107749938965, 22.229591369628906, 21.96788787841797
24.001070022583008, 22.926410675048828, 22.1834716796875
19.818708419799805, 19.376293182373047, 19.03716278076172
22.93604278564453, 22.35982322692871, 21.909679412841797
24.167810440063477, 23.171199798583984, 22.941783905029297
23.98615264892578, 22.514345169067383, 21.749448776245117
23.269977569580078, 22.993324279785156, 23.373483657836914
22.24699592590332, 21.19260597229004, 20.60074806213379
24.452913284301758, 23.529897689819336, 22.91952133178711
22.105722427368164, 21.157733917236328, 20.585853576660156
23.92879295349121, 23.69779396057129, 23.011056900024414
21.966838836669922, 21.443042755126953, 21.070859909057617
24.076990127563477, 23.493593215942383, 21.87468147277832
24.275230407714844, 23.82785987854004, 22.697357177734375
24.668729782104492, 23.962350845336914, 23.57379913330078
26.09832763671875, 24.961143493652344, 22.50505828857422
24.03157615661621, 23.36109161376953, 23.546533584594727
24.39740753173828, 23.615787506103516, 23.135698318481445
20.109560012817383, 18.828248977661133, 18.05846405029297
24.707473754882812, 22.697423934936523, 20.840728759765625
22.399744033813477, 22.36176872253418, 21.668766021728516
24.87727928161621, 23.601654052734375, 21.2874755859375
22.7806339263916, 21.645896911621094, 20.883878707885742
20.94590950012207, 20.224031448364258, 19.666912078857422
21.811412811279297, 20.705087661743164, 19.928878784179688
23.523548126220703, 22.4678897857666, 22.05382537841797
23.09600067138672, 21.92816734313965, 21.345073699951172
