m_g, m_r, m_z
24.921669006347656, 24.001895904541016, 23.573299407958984
23.161725997924805, 22.183595657348633, 21.67165756225586
23.74901008605957, 23.28221893310547, 22.725618362426758
22.763652801513672, 22.001802444458008, 21.372217178344727
25.400049209594727, 24.445005416870117, 24.017866134643555
22.781391143798828, 21.916820526123047, 21.05401611328125
24.457508087158203, 24.546829223632812, 25.22475814819336
24.224090576171875, 23.42109489440918, 22.236297607421875
23.28482437133789, 22.32274055480957, 21.163400650024414
22.55556297302246, 21.70890998840332, 20.326148986816406
23.601924896240234, 22.1029052734375, 20.95473861694336
25.222917556762695, 24.082674026489258, 24.047304153442383
24.70319938659668, 23.866092681884766, 23.629276275634766
26.296653747558594, 24.612699508666992, 23.634185791015625
25.405078887939453, 24.494028091430664, 24.1711483001709
23.996013641357422, 23.152503967285156, 22.927492141723633
24.616565704345703, 24.224384307861328, 23.794179916381836
25.783374786376953, 24.422632217407227, 23.0649471282959
24.234329223632812, 23.091306686401367, 22.82308578491211
24.753477096557617, 23.857290267944336, 23.43553924560547
24.37712287902832, 23.931665420532227, 23.2088680267334
24.349790573120117, 23.47303581237793, 22.277685165405273
26.414793014526367, 24.783126831054688, 23.746549606323242
24.770580291748047, 24.551645278930664, 24.648435592651367
23.823680877685547, 23.140243530273438, 22.82325553894043
24.272130966186523, 22.566118240356445, 20.950048446655273
25.954547882080078, 24.244338989257812, 22.50360870361328
23.482563018798828, 22.43461799621582, 21.337434768676758
25.27381134033203, 24.031782150268555, 22.46491813659668
22.236255645751953, 21.485538482666016, 21.161497116088867
24.688188552856445, 24.492847442626953, 23.47652244567871
25.14322853088379, 24.91011619567871, 24.102266311645508
24.711502075195312, 24.264802932739258, 23.574371337890625
24.53408432006836, 23.546876907348633, 23.17925453186035
24.86305046081543, 25.069232940673828, 24.44504737854004
24.898611068725586, 24.090618133544922, 23.56682586669922
30.439985275268555, 24.51629066467285, 22.33512306213379
24.75008773803711, 24.134878158569336, 24.015453338623047
24.876758575439453, 24.60022735595703, 23.76297378540039
23.552515029907227, 22.820341110229492, 22.229543685913086
25.13567352294922, 24.788036346435547, 23.768688201904297
25.18779182434082, 25.31981086730957, 23.84054183959961
23.918424606323242, 22.991790771484375, 22.379762649536133
24.52100372314453, 24.299678802490234, 24.15944480895996
25.763580322265625, 24.689420700073242, 25.11779022216797
24.821962356567383, 24.585777282714844, 24.035907745361328
23.891557693481445, 23.305747985839844, 22.622400283813477
23.292362213134766, 22.26714515686035, 20.88007164001465
25.823219299316406, 24.545578002929688, 23.641529083251953
25.065593719482422, 24.26091957092285, 23.998506546020508
24.488920211791992, 24.254987716674805, 23.662446975708008
24.810916900634766, 25.055086135864258, 24.101863861083984
24.179414749145508, 23.73243522644043, 23.7783145904541
24.06020164489746, 23.953184127807617, 23.6825008392334
27.513517379760742, 25.619400024414062, 23.38190269470215
26.508358001708984, 23.961467742919922, 22.18800163269043
24.416481018066406, 24.190658569335938, 23.94751739501953
23.083593368530273, 22.80492401123047, 21.891754150390625
24.8858642578125, 23.67954444885254, 22.83747100830078
24.02873992919922, 23.348873138427734, 22.948963165283203
25.430540084838867, 23.191526412963867, 21.24680519104004
24.815658569335938, 23.624252319335938, 23.42549705505371
22.64420509338379, 21.584373474121094, 20.946992874145508
24.8830623626709, 24.588315963745117, 24.593725204467773
23.483856201171875, 23.111949920654297, 22.439626693725586
25.069692611694336, 25.906230926513672, 24.168447494506836
23.135168075561523, 22.687484741210938, 22.579118728637695
24.96352195739746, 24.388126373291016, 23.981325149536133
25.093656539916992, 24.61390495300293, 26.914791107177734
25.63455581665039, 25.0304012298584, 24.089553833007812
23.953773498535156, 23.082801818847656, 22.211462020874023
25.07575225830078, 24.838653564453125, 24.113876342773438
25.483501434326172, 23.0267391204834, 21.05394172668457
23.944005966186523, 23.186857223510742, 22.30572509765625
24.351526260375977, 24.295806884765625, 22.77570152282715
25.893508911132812, 23.465599060058594, 21.691051483154297
22.869455337524414, 21.775447845458984, 21.09430503845215
25.237125396728516, 23.775766372680664, 21.76333999633789
24.198945999145508, 23.841230392456055, 23.500757217407227
24.813142776489258, 24.024255752563477, 23.207178115844727
24.302412033081055, 23.904722213745117, 23.09018898010254
24.635704040527344, 23.306726455688477, 22.14532470703125
25.375431060791016, 24.911550521850586, 24.4400691986084
22.222074508666992, 21.268430709838867, 20.159320831298828
24.930400848388672, 24.68256378173828, 23.570138931274414
22.033340454101562, 21.149883270263672, 20.284109115600586
23.039077758789062, 22.19013786315918, 21.53496551513672
23.99029541015625, 23.56245994567871, 22.672832489013672
25.259374618530273, 24.272680282592773, 24.045772552490234
24.01780128479004, 23.683774948120117, 23.088289260864258
24.069032669067383, 23.92342185974121, 23.507774353027344
24.09309959411621, 22.52982521057129, 21.61017608642578
24.643564224243164, 24.17860221862793, 24.304157257080078
24.133590698242188, 23.966964721679688, 23.939741134643555
24.866701126098633, 24.759851455688477, 25.12887191772461
24.18039321899414, 23.065288543701172, 22.359241485595703
23.684795379638672, 23.411062240600586, 22.70158576965332
25.250856399536133, 24.602380752563477, 23.63196563720703
23.494518280029297, 22.616168975830078, 22.108413696289062
25.572784423828125, 23.871652603149414, 22.364524841308594
25.44758415222168, 24.264368057250977, 23.101478576660156
23.937442779541016, 23.29813003540039, 22.405609130859375
25.150291442871094, 24.821413040161133, 24.000457763671875
25.058746337890625, 24.628952026367188, 24.37956428527832
25.151920318603516, 22.976295471191406, 21.42518424987793
25.33457374572754, 24.291818618774414, 23.092788696289062
24.648679733276367, 24.387998580932617, 23.935258865356445
25.225759506225586, 24.949188232421875, 24.729820251464844
25.25773811340332, 23.51300048828125, 22.161073684692383
23.137006759643555, 22.485883712768555, 22.049999237060547
24.808958053588867, 24.045507431030273, 22.87144660949707
22.931991577148438, 22.025575637817383, 21.51692771911621
24.33976173400879, 24.423139572143555, 23.736799240112305
24.2060489654541, 22.131080627441406, 20.58871078491211
24.76386070251465, 24.252361297607422, 23.579877853393555
25.723182678222656, 24.334888458251953, 23.488115310668945
25.049203872680664, 24.41684341430664, 24.30609703063965
27.020721435546875, 24.585527420043945, 23.307668685913086
25.61785888671875, 24.459707260131836, 23.528329849243164
22.56746482849121, 20.659923553466797, 19.122079849243164
24.8415584564209, 24.465757369995117, 23.932619094848633
25.035974502563477, 24.263120651245117, 24.206954956054688
24.483606338500977, 23.75659942626953, 23.45761489868164
27.06144905090332, 24.61823081970215, 24.899415969848633
24.789993286132812, 24.471900939941406, 23.44312286376953
24.644515991210938, 24.098358154296875, 23.790348052978516
23.80184555053711, 22.890459060668945, 22.772594451904297
24.980472564697266, 24.73016929626465, 24.569068908691406
23.672630310058594, 21.76422882080078, 20.32300567626953
24.8347110748291, 23.665395736694336, 22.219886779785156
24.81513023376465, 24.715848922729492, 24.282596588134766
23.387163162231445, 23.126853942871094, 22.357730865478516
24.857425689697266, 23.62286949157715, 22.497514724731445
25.712459564208984, 24.376089096069336, 23.55467987060547
24.84250831604004, 24.26236343383789, 23.782432556152344
24.674341201782227, 23.800182342529297, 23.154010772705078
24.57796859741211, 24.415462493896484, 23.83028793334961
26.515562057495117, 24.61149024963379, 24.647541046142578
24.549837112426758, 24.621126174926758, 24.085857391357422
22.19708824157715, 20.411766052246094, 19.264080047607422
24.395854949951172, 24.066665649414062, 23.138975143432617
24.650440216064453, 24.043500900268555, 23.641948699951172
22.786191940307617, 20.975025177001953, 19.900745391845703
23.722990036010742, 23.029062271118164, 22.466373443603516
24.027902603149414, 23.805147171020508, 22.794736862182617
24.9494686126709, 24.9686222076416, 24.377239227294922
23.84577178955078, 22.678701400756836, 21.5625
25.57362937927246, 24.534151077270508, 24.118680953979492
24.73420524597168, 23.276262283325195, 22.147010803222656
24.148208618164062, 23.45648193359375, 23.486371994018555
24.60176658630371, 24.03301239013672, 23.616863250732422
26.182188034057617, 24.148643493652344, 23.30051612854004
24.259126663208008, 23.702327728271484, 23.157329559326172
23.57804298400879, 23.255342483520508, 22.51163673400879
25.65376853942871, 24.17247772216797, 23.200883865356445
25.309486389160156, 24.543025970458984, 24.74470329284668
24.1826229095459, 24.012590408325195, 23.82163429260254
25.03223419189453, 24.668672561645508, 23.74118423461914
23.814149856567383, 23.485492706298828, 23.358097076416016
25.270854949951172, 24.610456466674805, 23.48005485534668
23.169153213500977, 22.238313674926758, 21.60848045349121
24.623287200927734, 24.20189666748047, 23.363523483276367
23.42306900024414, 22.34429168701172, 21.788677215576172
24.997190475463867, 24.70368194580078, 23.308425903320312
22.82499885559082, 22.43695640563965, 21.832326889038086
25.15814208984375, 24.671945571899414, 23.930036544799805
25.402433395385742, 23.675750732421875, 23.1181583404541
21.000045776367188, 19.565113067626953, 18.776029586791992
25.06448745727539, 25.12901496887207, 25.29571533203125
23.877552032470703, 23.512592315673828, 23.407039642333984
25.14596939086914, 24.429553985595703, 25.667570114135742
25.006643295288086, 24.555233001708984, 23.561952590942383
24.15188217163086, 23.542739868164062, 23.91971778869629
26.105674743652344, 24.232423782348633, 22.572263717651367
24.607345581054688, 24.592105865478516, 23.557907104492188
23.757570266723633, 22.9307918548584, 22.008872985839844
25.534786224365234, 24.572425842285156, 22.56772804260254
24.433067321777344, 23.698495864868164, 23.439266204833984
22.106597900390625, 21.00548553466797, 20.312557220458984
22.958385467529297, 21.0399112701416, 19.260990142822266
24.58310317993164, 23.886953353881836, 23.57839584350586
26.868297576904297, 26.02890968322754, 23.316144943237305
24.501445770263672, 24.399906158447266, 23.486896514892578
23.98481559753418, 23.546175003051758, 22.709564208984375
24.676746368408203, 24.422561645507812, 23.72032928466797
22.08938980102539, 21.334720611572266, 20.966087341308594
24.071123123168945, 23.951602935791016, 23.262657165527344
25.097644805908203, 23.288442611694336, 21.690284729003906
25.496580123901367, 24.629438400268555, 24.660228729248047
25.110851287841797, 24.33463478088379, 23.80888557434082
25.08466339111328, 24.202564239501953, 23.075742721557617
24.280540466308594, 23.613746643066406, 22.325037002563477
23.91238784790039, 23.844606399536133, 23.097583770751953
22.956031799316406, 22.110647201538086, 21.547643661499023
22.660791397094727, 21.773895263671875, 20.89413833618164
24.43634033203125, 24.080137252807617, 23.52501106262207
24.330595016479492, 24.013080596923828, 23.30976676940918
23.552600860595703, 22.250638961791992, 21.332542419433594
25.34309196472168, 24.690458297729492, 24.20280647277832
24.428773880004883, 23.501636505126953, 22.84671974182129
26.204679489135742, 25.769542694091797, 22.998083114624023
23.428747177124023, 22.547189712524414, 21.95013999938965
24.63326644897461, 23.617877960205078, 23.088138580322266
23.356922149658203, 22.70810317993164, 22.155611038208008
24.74298095703125, 23.839805603027344, 23.249006271362305
24.26824188232422, 23.673574447631836, 22.869068145751953
24.520307540893555, 23.56583595275879, 22.94328498840332
25.12442398071289, 24.352455139160156, 23.732872009277344
23.460908889770508, 22.85567855834961, 21.99949073791504
23.00735855102539, 22.44064712524414, 21.66143035888672
24.198511123657227, 23.767108917236328, 23.093589782714844
22.957029342651367, 21.827091217041016, 20.660778045654297
25.01931381225586, 23.60523223876953, 23.367090225219727
23.620513916015625, 23.38996696472168, 22.72665023803711
24.825275421142578, 24.490787506103516, 23.122695922851562
24.500503540039062, 23.99915885925293, 24.145889282226562
23.931747436523438, 23.697803497314453, 23.143390655517578
25.23084259033203, 24.96232032775879, 25.706146240234375
24.562707901000977, 23.859573364257812, 22.766597747802734
24.577125549316406, 23.920635223388672, 22.900117874145508
24.90871810913086, 24.633377075195312, 24.13512420654297
24.33694839477539, 24.050926208496094, 24.008405685424805
23.951446533203125, 22.740432739257812, 21.90635871887207
24.567729949951172, 24.375940322875977, 23.14264488220215
22.651948928833008, 22.028385162353516, 20.99209213256836
23.760744094848633, 22.078664779663086, 20.90825843811035
24.73537826538086, 24.427078247070312, 24.12415313720703
23.658967971801758, 22.91578483581543, 21.895902633666992
24.561908721923828, 24.107379913330078, 24.009586334228516
25.343673706054688, 24.2956485748291, 23.458539962768555
24.968332290649414, 24.761383056640625, 23.850759506225586
25.07781219482422, 24.46523094177246, 22.939363479614258
23.80938148498535, 22.906017303466797, 21.449861526489258
23.4661922454834, 22.898029327392578, 21.69353675842285
24.689537048339844, 23.60671615600586, 22.649831771850586
22.42168426513672, 21.62285614013672, 21.179920196533203
24.76925277709961, 24.527891159057617, 23.769336700439453
24.07823371887207, 22.140039443969727, 20.86400604248047
22.558094024658203, 21.673742294311523, 20.928874969482422
22.602081298828125, 21.854076385498047, 21.285348892211914
16.70513153076172, 15.824357032775879, 15.110042572021484
23.988513946533203, 23.235973358154297, 23.122835159301758
24.85367202758789, 24.175586700439453, 24.916301727294922
21.36214828491211, 20.65105628967285, 20.19348907470703
24.050750732421875, 23.36651611328125, 22.90087127685547
24.397748947143555, 23.28579330444336, 22.65304946899414
22.877565383911133, 21.85625648498535, 21.147903442382812
25.227815628051758, 24.52961540222168, 23.059337615966797
24.12961196899414, 23.9010009765625, 23.287750244140625
24.498985290527344, 24.257156372070312, 23.744224548339844
24.70922088623047, 24.529388427734375, 24.07913589477539
24.669233322143555, 24.03580665588379, 24.05621910095215
23.732698440551758, 22.91579818725586, 23.045156478881836
22.505149841308594, 21.839567184448242, 21.39558219909668
24.374128341674805, 23.843751907348633, 23.1296443939209
24.738554000854492, 24.908340454101562, 24.59292221069336
22.671463012695312, 22.46108055114746, 22.191743850708008
25.015918731689453, 24.395435333251953, 23.879446029663086
23.654254913330078, 23.10317611694336, 22.232011795043945
24.97283363342285, 23.91253662109375, 23.18655776977539
24.77903938293457, 24.985183715820312, 24.416608810424805
24.329910278320312, 23.546142578125, 23.070716857910156
24.81676483154297, 24.442808151245117, 22.979751586914062
24.496315002441406, 23.691694259643555, 23.33665657043457
24.809223175048828, 23.621706008911133, 22.920583724975586
19.71010971069336, 18.672351837158203, 17.95714569091797
26.714712142944336, 24.264965057373047, 24.271589279174805
23.877172470092773, 23.60504913330078, 24.786865234375
22.712722778320312, 21.778770446777344, 21.445037841796875
24.37971305847168, 23.74626922607422, 24.275009155273438
25.90448760986328, 23.78067970275879, 23.00098419189453
22.726802825927734, 21.84267807006836, 21.061092376708984
25.323667526245117, 24.822160720825195, 23.82999038696289
25.332250595092773, 24.29087257385254, 24.16237449645996
25.064136505126953, 23.907102584838867, 22.90349006652832
25.005399703979492, 24.36981964111328, 24.314279556274414
24.82193374633789, 25.380630493164062, 23.642160415649414
24.599367141723633, 23.88526153564453, 23.226612091064453
24.379934310913086, 24.291669845581055, 24.356531143188477
24.6444091796875, 24.112770080566406, 23.252485275268555
22.671249389648438, 22.163799285888672, 21.71630096435547
25.246112823486328, 24.839696884155273, 24.721153259277344
26.736854553222656, 24.186626434326172, 24.124740600585938
25.35597038269043, 24.20149803161621, 24.09496307373047
23.34879493713379, 21.633825302124023, 20.376846313476562
23.481592178344727, 23.468717575073242, 22.8360538482666
24.96431541442871, 24.88239860534668, 24.043447494506836
23.815200805664062, 23.550586700439453, 23.522926330566406
23.99762535095215, 23.59801483154297, 22.532569885253906
23.528133392333984, 22.89822006225586, 22.581361770629883
24.332416534423828, 23.8969783782959, 23.284801483154297
23.470855712890625, 23.147912979125977, 22.393699645996094
17.893836975097656, 17.317914962768555, 16.80856704711914
26.329790115356445, 24.440364837646484, 25.929227828979492
24.511804580688477, 24.196191787719727, 23.362274169921875
23.707597732543945, 23.707897186279297, 22.69579315185547
24.024761199951172, 24.356552124023438, 22.817893981933594
21.698524475097656, 20.27823257446289, 19.28460121154785
24.575822830200195, 24.173799514770508, 23.61486053466797
24.847450256347656, 24.514381408691406, 23.761089324951172
24.782981872558594, 24.258697509765625, 23.514394760131836
24.547868728637695, 24.701248168945312, 24.104839324951172
24.66263771057129, 24.309280395507812, 23.81182861328125
24.843196868896484, 24.33020782470703, 23.45733070373535
25.36216163635254, 25.156269073486328, 23.783105850219727
23.651073455810547, 23.27412986755371, 22.48642921447754
25.262365341186523, 24.78214454650879, 24.606643676757812
23.544050216674805, 23.021142959594727, 22.83061981201172
23.30363655090332, 22.507740020751953, 21.991470336914062
23.923572540283203, 23.848058700561523, 24.115238189697266
24.356224060058594, 23.966022491455078, 22.92506217956543
23.67218589782715, 23.69599723815918, 22.82197380065918
23.151714324951172, 22.202302932739258, 21.34451675415039
23.57221221923828, 22.402559280395508, 21.71552276611328
24.326658248901367, 23.39145851135254, 23.08700180053711
24.84457015991211, 23.643144607543945, 23.395946502685547
24.943185806274414, 25.333127975463867, 24.883472442626953
26.0185604095459, 24.595138549804688, 24.54413604736328
23.62132453918457, 23.19923973083496, 22.8592529296875
24.559085845947266, 24.238510131835938, 24.030641555786133
23.91425323486328, 23.692834854125977, 23.878849029541016
24.222471237182617, 24.144105911254883, 23.605438232421875
24.360977172851562, 24.131103515625, 23.063446044921875
24.976709365844727, 24.935516357421875, 24.47812271118164
23.77484130859375, 23.20201301574707, 22.79732322692871
23.511327743530273, 23.175378799438477, 22.293188095092773
22.769813537597656, 21.706317901611328, 21.26064109802246
23.919143676757812, 23.824785232543945, 23.12635612487793
24.81267547607422, 24.015810012817383, 23.161815643310547
25.039854049682617, 24.519672393798828, 24.56348419189453
24.796152114868164, 24.192472457885742, 23.763683319091797
24.154075622558594, 23.44837188720703, 22.64967918395996
24.814058303833008, 24.789234161376953, 24.44888687133789
23.616348266601562, 23.454130172729492, 23.4173526763916
24.550992965698242, 24.237451553344727, 25.784706115722656
24.003644943237305, 22.817964553833008, 22.307897567749023
24.820575714111328, 25.229459762573242, 24.168685913085938
22.304466247558594, 21.88425636291504, 22.043001174926758
24.565696716308594, 24.09956169128418, 24.010896682739258
24.928503036499023, 24.080896377563477, 23.48822021484375
23.698732376098633, 22.650165557861328, 21.822370529174805
24.5344181060791, 23.768898010253906, 22.942716598510742
23.114559173583984, 22.83654022216797, 22.617341995239258
24.8754825592041, 24.314437866210938, 24.64027214050293
25.00702476501465, 23.8814754486084, 22.459964752197266
22.956640243530273, 21.904830932617188, 20.798179626464844
23.04745864868164, 22.577850341796875, 22.245649337768555
24.19508171081543, 24.067935943603516, 23.15313720703125
25.193614959716797, 23.901512145996094, 21.914152145385742
23.082630157470703, 21.79839515686035, 21.010425567626953
24.887805938720703, 24.4146728515625, 26.225711822509766
27.130229949951172, 24.749732971191406, 23.25891876220703
21.443403244018555, 21.233413696289062, 20.878761291503906
24.95416259765625, 24.13633155822754, 23.753585815429688
24.535911560058594, 23.892288208007812, 23.011463165283203
24.735050201416016, 24.39737892150879, 23.88890838623047
25.372716903686523, 24.163881301879883, 23.108064651489258
22.70619010925293, 21.81960678100586, 20.706655502319336
24.74608612060547, 24.77716636657715, 24.015640258789062
25.477977752685547, 24.244762420654297, 23.79913330078125
23.828359603881836, 23.21798324584961, 22.91602325439453
24.12476348876953, 23.7999267578125, 22.794349670410156
25.242883682250977, 24.98092269897461, 23.85100555419922
24.220430374145508, 24.312742233276367, 23.329578399658203
22.406343460083008, 21.806865692138672, 21.204906463623047
27.028013229370117, 24.617334365844727, 24.665449142456055
24.81389808654785, 23.863229751586914, 23.39823341369629
24.982295989990234, 23.997406005859375, 23.49329376220703
25.6823673248291, 24.36133575439453, 24.252408981323242
24.775623321533203, 24.445011138916016, 23.18284034729004
25.60285186767578, 24.413074493408203, 24.011987686157227
26.763141632080078, 24.779001235961914, 23.190717697143555
24.59332275390625, 23.74431037902832, 22.611583709716797
23.699928283691406, 22.78792381286621, 22.28515625
24.999496459960938, 25.08058738708496, 23.809602737426758
24.60824966430664, 24.600648880004883, 23.169994354248047
23.696027755737305, 23.247541427612305, 22.779003143310547
24.499897003173828, 23.733905792236328, 23.496572494506836
24.98945426940918, 24.331317901611328, 23.73838233947754
23.39354133605957, 22.829797744750977, 22.543073654174805
23.337345123291016, 22.612302780151367, 21.441850662231445
24.357114791870117, 24.43047523498535, 23.396020889282227
19.940027236938477, 19.616697311401367, 19.44219398498535
24.014371871948242, 24.16998863220215, 23.26165008544922
23.78781509399414, 23.292116165161133, 22.461181640625
25.41223907470703, 24.535062789916992, 23.477020263671875
24.24163246154785, 22.601518630981445, 21.25499153137207
25.746057510375977, 24.504037857055664, 23.10163116455078
24.876752853393555, 23.97394561767578, 23.230981826782227
23.36989402770996, 23.116147994995117, 22.487815856933594
24.496606826782227, 23.856992721557617, 23.402009963989258
24.02237319946289, 23.077489852905273, 22.551952362060547
24.59432029724121, 24.257490158081055, 23.520160675048828
25.274017333984375, 23.751766204833984, 22.46347999572754
24.96331787109375, 24.51218032836914, 23.02871322631836
19.941312789916992, 19.32451629638672, 18.866939544677734
23.660552978515625, 23.402690887451172, 22.801984786987305
24.32369613647461, 23.696300506591797, 22.636863708496094
23.78227996826172, 22.838773727416992, 22.341991424560547
24.8786678314209, 24.52472686767578, 23.82331085205078
24.474441528320312, 23.84462547302246, 22.722414016723633
24.26390266418457, 23.850629806518555, 23.019527435302734
24.088176727294922, 23.784164428710938, 23.046323776245117
24.377262115478516, 24.12649154663086, 23.379077911376953
25.07807731628418, 24.757781982421875, 23.755407333374023
25.54397201538086, 24.703842163085938, 24.12847900390625
24.4560489654541, 23.783092498779297, 23.497007369995117
24.570993423461914, 24.167306900024414, 23.519697189331055
25.2666015625, 23.95184898376465, 23.909530639648438
24.412281036376953, 22.346914291381836, 20.65558624267578
25.179950714111328, 24.506450653076172, 23.77496337890625
24.985145568847656, 24.27491569519043, 25.23301887512207
24.73160743713379, 24.32672882080078, 24.646488189697266
24.15616226196289, 22.917144775390625, 21.483592987060547
25.73516082763672, 24.990413665771484, 24.51712417602539
28.64300537109375, 24.887004852294922, 23.30908203125
23.843454360961914, 23.050168991088867, 21.897695541381836
24.293943405151367, 24.198558807373047, 23.613811492919922
18.945735931396484, 18.166343688964844, 17.57573890686035
24.62035369873047, 24.302383422851562, 24.221065521240234
24.41172981262207, 23.89520835876465, 22.9201602935791
23.839115142822266, 22.42473030090332, 21.437191009521484
24.163022994995117, 23.656024932861328, 23.007701873779297
23.870515823364258, 23.299503326416016, 22.69217300415039
22.284467697143555, 21.165950775146484, 20.33527374267578
24.47284698486328, 22.835681915283203, 21.28946304321289
23.75982666015625, 22.5328426361084, 21.59174919128418
18.158111572265625, 17.674890518188477, 17.1366024017334
26.376453399658203, 24.372447967529297, 24.694868087768555
24.263540267944336, 23.068355560302734, 22.694149017333984
24.679996490478516, 24.970630645751953, 24.103511810302734
22.144886016845703, 21.813940048217773, 21.32193374633789
21.775047302246094, 21.12005615234375, 20.694835662841797
24.18447494506836, 23.855031967163086, 23.311981201171875
23.874515533447266, 23.352773666381836, 22.370309829711914
25.12828254699707, 24.51165771484375, 23.757144927978516
21.369403839111328, 20.549701690673828, 20.197011947631836
19.85323143005371, 19.039440155029297, 18.53251838684082
24.652070999145508, 24.241849899291992, 23.506093978881836
23.830062866210938, 23.9127254486084, 24.40654754638672
25.19290542602539, 25.28328514099121, 24.50136375427246
23.617454528808594, 23.203323364257812, 23.150205612182617
19.78377914428711, 18.664203643798828, 17.799053192138672
24.776920318603516, 24.388935089111328, 24.64522933959961
19.661224365234375, 18.92675018310547, 18.4222412109375
25.43388557434082, 24.43833351135254, 23.124948501586914
23.338871002197266, 22.60565185546875, 22.069778442382812
26.071468353271484, 24.46006202697754, 24.109912872314453
24.547630310058594, 24.295686721801758, 23.987119674682617
24.774404525756836, 24.200761795043945, 23.6870059967041
22.691335678100586, 21.133737564086914, 19.677743911743164
20.863849639892578, 20.145401000976562, 19.68366241455078
24.816564559936523, 24.029712677001953, 23.389965057373047
25.246299743652344, 25.083297729492188, 24.012054443359375
15.815238952636719, 14.88380241394043, 14.003128051757812
21.078327178955078, 20.707134246826172, 20.88040542602539
22.697647094726562, 21.824848175048828, 20.68965721130371
24.528396606445312, 23.675617218017578, 22.952180862426758
22.56734275817871, 22.057228088378906, 21.682668685913086
24.35017204284668, 23.503360748291016, 22.824127197265625
18.822906494140625, 18.121410369873047, 17.638710021972656
27.0965576171875, 25.431095123291016, 23.492155075073242
24.419626235961914, 24.360258102416992, 24.342493057250977
27.290157318115234, 25.659067153930664, 23.268808364868164
23.849363327026367, 23.12960433959961, 22.538976669311523
19.560096740722656, 18.292800903320312, 17.303722381591797
24.33919906616211, 23.755687713623047, 22.297813415527344
21.490995407104492, 21.130334854125977, 21.807863235473633
24.141250610351562, 23.69487190246582, 22.76519012451172
20.306644439697266, 19.890769958496094, 19.6342830657959
23.297548294067383, 22.334047317504883, 21.791372299194336
22.284828186035156, 21.81639289855957, 21.819385528564453
25.93691635131836, 25.311824798583984, 23.009790420532227
25.041046142578125, 25.31440544128418, 24.35102081298828
23.378387451171875, 22.238149642944336, 20.480789184570312
24.60601043701172, 23.686908721923828, 23.65464210510254
24.891984939575195, 24.437761306762695, 23.950624465942383
24.957855224609375, 24.127090454101562, 23.445295333862305
23.10021209716797, 22.061708450317383, 20.728132247924805
24.154081344604492, 23.831510543823242, 23.67563819885254
21.586179733276367, 21.315540313720703, 21.102367401123047
25.187114715576172, 24.860050201416016, 25.361814498901367
25.38735580444336, 24.784324645996094, 24.700380325317383
24.34226417541504, 24.307395935058594, 23.926143646240234
22.914682388305664, 22.353731155395508, 21.861434936523438
25.016307830810547, 24.399843215942383, 24.018918991088867
23.48827362060547, 22.20168685913086, 20.9979305267334
24.504613876342773, 23.283456802368164, 22.383440017700195
25.7712345123291, 24.498441696166992, 22.33367347717285
21.028356552124023, 20.25583839416504, 19.72244644165039
24.27080726623535, 24.143369674682617, 23.89980125427246
23.771135330200195, 23.525856018066406, 22.318037033081055
22.474374771118164, 22.06753921508789, 21.72907257080078
24.40911865234375, 24.28267478942871, 24.280672073364258
24.383827209472656, 24.20903968811035, 23.161115646362305
19.334346771240234, 18.739879608154297, 18.253713607788086
21.62796401977539, 21.42314338684082, 21.508228302001953
25.48772621154785, 24.411861419677734, 24.058095932006836
24.742753982543945, 23.865177154541016, 25.322431564331055
23.836015701293945, 23.213768005371094, 22.8563175201416
24.374540328979492, 24.155651092529297, 23.982236862182617
23.889986038208008, 23.683670043945312, 23.605072021484375
25.266651153564453, 24.25932502746582, 23.49267578125
23.576168060302734, 22.568706512451172, 21.339885711669922
24.051977157592773, 21.967525482177734, 20.397886276245117
24.4553279876709, 23.438859939575195, 23.04896354675293
24.706384658813477, 23.611957550048828, 23.07975196838379
17.96889305114746, 17.541051864624023, 17.163719177246094
22.33407211303711, 21.470233917236328, 20.474397659301758
17.19417381286621, 16.531925201416016, 16.055192947387695
24.901582717895508, 24.621990203857422, 24.773868560791016
27.93596076965332, 24.85106086730957, 23.00880241394043
24.443531036376953, 24.59328269958496, 23.632612228393555
23.83928108215332, 23.132978439331055, 21.371627807617188
24.689682006835938, 23.729576110839844, 23.20018768310547
19.526264190673828, 19.61508560180664, 20.411888122558594
23.908124923706055, 22.582324981689453, 21.25830078125
24.02509307861328, 23.847013473510742, 22.92392349243164
25.17970848083496, 24.6009521484375, 23.82335662841797
24.157976150512695, 23.494539260864258, 22.513261795043945
24.90080451965332, 24.067806243896484, 25.00931739807129
16.011131286621094, 14.8636474609375, 13.945222854614258
21.11260223388672, 19.750701904296875, 19.053024291992188
24.816265106201172, 24.70896339416504, 23.896059036254883
24.42207908630371, 23.952404022216797, 23.430503845214844
21.7304744720459, 20.91830825805664, 20.445674896240234
26.607101440429688, 25.06924819946289, 22.875835418701172
22.9188175201416, 21.604068756103516, 20.756690979003906
24.00165367126465, 23.642520904541016, 23.24266815185547
23.48778533935547, 21.628952026367188, 20.608013153076172
25.159700393676758, 24.1762638092041, 23.60846710205078
20.728586196899414, 19.64279556274414, 18.974105834960938
23.850399017333984, 23.446142196655273, 23.105079650878906
27.089176177978516, 24.838153839111328, 22.682388305664062
24.901031494140625, 24.687719345092773, 23.83538246154785
24.848033905029297, 24.351497650146484, 23.56117820739746
24.14139747619629, 23.813268661499023, 24.299190521240234
21.827640533447266, 20.39731216430664, 19.82876968383789
24.844778060913086, 24.205171585083008, 23.327302932739258
24.391084671020508, 23.933576583862305, 23.01251220703125
25.137374877929688, 24.90341567993164, 23.596826553344727
24.012399673461914, 22.203630447387695, 21.12737274169922
24.40111541748047, 24.166351318359375, 23.6982364654541
19.36568832397461, 18.940738677978516, 19.431163787841797
18.164775848388672, 17.791471481323242, 17.539871215820312
24.46807861328125, 24.1362361907959, 24.490163803100586
23.794437408447266, 23.056278228759766, 22.30963134765625
24.278432846069336, 23.878690719604492, 23.523744583129883
23.973369598388672, 23.016279220581055, 22.176559448242188
24.185138702392578, 24.032346725463867, 23.795190811157227
24.915172576904297, 24.4160099029541, 23.38265609741211
24.15219497680664, 23.92670249938965, 23.908477783203125
24.421541213989258, 24.146865844726562, 23.508262634277344
24.921123504638672, 24.857383728027344, 23.978069305419922
22.67918586730957, 22.314144134521484, 21.9658203125
24.930452346801758, 24.01779556274414, 23.467565536499023
23.785907745361328, 23.385133743286133, 22.544713973999023
23.378475189208984, 21.422636032104492, 19.743873596191406
24.73012351989746, 24.049652099609375, 23.4630069732666
24.719738006591797, 23.992008209228516, 23.442745208740234
22.905855178833008, 23.24631118774414, 25.30684471130371
25.765960693359375, 25.165361404418945, 23.621292114257812
25.936941146850586, 24.95472526550293, 23.775644302368164
18.561344146728516, 17.89345932006836, 17.405715942382812
24.995662689208984, 24.590089797973633, 24.5579776763916
24.55344009399414, 24.16277503967285, 24.02001190185547
25.229141235351562, 24.520479202270508, 24.326433181762695
25.328622817993164, 23.50301742553711, 22.35426902770996
24.411832809448242, 24.266237258911133, 23.768436431884766
24.5775146484375, 24.274738311767578, 24.859073638916016
23.674623489379883, 23.506223678588867, 23.99308204650879
25.046253204345703, 24.118755340576172, 23.257131576538086
25.972366333007812, 24.383243560791016, 25.821800231933594
22.913419723510742, 21.88178253173828, 20.376583099365234
24.312267303466797, 23.529577255249023, 25.308774948120117
23.31281280517578, 23.0498104095459, 22.430429458618164
23.739416122436523, 22.143756866455078, 20.692380905151367
23.44704246520996, 22.359771728515625, 22.216081619262695
24.933704376220703, 23.73655891418457, 22.390153884887695
23.864028930664062, 22.332645416259766, 21.380903244018555
24.043058395385742, 23.421213150024414, 22.88304328918457
23.064266204833984, 22.46796226501465, 22.3569393157959
22.485918045043945, 21.637418746948242, 21.2236328125
21.735275268554688, 21.32325553894043, 22.333446502685547
26.71746826171875, 24.393896102905273, 22.429746627807617
24.74192237854004, 24.208240509033203, 22.90217399597168
25.086524963378906, 24.536935806274414, 23.492063522338867
24.935279846191406, 24.18903160095215, 22.894054412841797
23.939199447631836, 23.15416145324707, 22.996824264526367
24.340042114257812, 23.054689407348633, 22.604867935180664
24.960744857788086, 23.91437339782715, 23.32637596130371
24.786680221557617, 24.490400314331055, 24.5201358795166
23.999507904052734, 23.769378662109375, 23.040321350097656
23.97015380859375, 23.354196548461914, 22.2890682220459
24.941144943237305, 23.872211456298828, 23.23334312438965
23.695228576660156, 23.720849990844727, 24.427810668945312
22.82293128967285, 21.647321701049805, 20.439714431762695
24.91594886779785, 24.902196884155273, 25.464632034301758
25.205585479736328, 24.618350982666016, 24.685762405395508
25.198623657226562, 24.294198989868164, 22.480802536010742
23.254758834838867, 22.802379608154297, 22.056346893310547
23.55858612060547, 22.789831161499023, 21.941972732543945
25.018388748168945, 23.758195877075195, 21.861982345581055
24.35749053955078, 23.92034149169922, 23.93796157836914
24.58968734741211, 25.250835418701172, 24.49669075012207
24.27079200744629, 23.362871170043945, 22.01554298400879
24.213905334472656, 23.664081573486328, 22.7515926361084
24.376178741455078, 24.418445587158203, 22.4947509765625
24.244617462158203, 23.43512725830078, 22.22311019897461
24.01682472229004, 23.64676284790039, 23.41579818725586
23.347475051879883, 22.95456886291504, 22.828655242919922
24.518310546875, 23.41613006591797, 23.24526023864746
24.960668563842773, 24.40369987487793, 23.102664947509766
24.0313777923584, 23.210533142089844, 22.700057983398438
25.71488380432129, 24.753801345825195, 23.571535110473633
24.74380874633789, 23.882753372192383, 22.651771545410156
22.198026657104492, 22.07045555114746, 21.612648010253906
24.255735397338867, 23.99376678466797, 23.415515899658203
24.05054473876953, 23.22332763671875, 22.72881507873535
25.870601654052734, 24.870849609375, 24.088048934936523
24.638011932373047, 23.7597599029541, 24.732616424560547
23.932750701904297, 23.424917221069336, 22.132516860961914
24.41733741760254, 24.27388572692871, 23.236347198486328
23.51613426208496, 22.359050750732422, 21.752073287963867
23.84955596923828, 23.628889083862305, 22.94023895263672
24.378196716308594, 23.83145523071289, 23.07607650756836
23.985919952392578, 22.75653648376465, 21.827363967895508
24.197280883789062, 23.837541580200195, 23.44298553466797
23.901708602905273, 23.356550216674805, 22.09615707397461
23.724727630615234, 22.845029830932617, 22.9007625579834
25.284950256347656, 24.512256622314453, 23.637296676635742
24.332618713378906, 24.270591735839844, 23.964385986328125
23.27633285522461, 23.000537872314453, 22.613605499267578
22.348817825317383, 20.79418182373047, 20.08296012878418
24.678218841552734, 24.3187255859375, 23.662246704101562
24.8596248626709, 24.417051315307617, 23.491018295288086
23.538801193237305, 23.318208694458008, 22.798189163208008
23.906551361083984, 24.155803680419922, 22.669166564941406
24.7210693359375, 25.05135726928711, 24.886381149291992
23.957937240600586, 23.19674301147461, 21.766857147216797
24.517580032348633, 24.2376766204834, 23.590858459472656
24.570903778076172, 24.265960693359375, 24.357101440429688
25.40573501586914, 24.746736526489258, 24.450151443481445
26.006742477416992, 24.31964683532715, 22.686866760253906
24.05364418029785, 24.1235294342041, 27.6844539642334
24.368635177612305, 24.084503173828125, 23.547767639160156
24.786720275878906, 24.270397186279297, 24.581253051757812
23.931909561157227, 23.233842849731445, 22.919269561767578
24.587444305419922, 24.017688751220703, 23.730024337768555
23.845048904418945, 23.055408477783203, 22.53050422668457
24.67818260192871, 24.300094604492188, 24.50983428955078
24.80095672607422, 24.355300903320312, 24.460506439208984
22.040504455566406, 21.370281219482422, 20.973875045776367
22.141799926757812, 20.84197235107422, 19.923908233642578
25.318523406982422, 24.33303451538086, 24.64425277709961
21.270498275756836, 19.562713623046875, 18.617816925048828
24.311994552612305, 23.771358489990234, 23.910032272338867
24.485427856445312, 24.08435821533203, 23.92093276977539
22.74559211730957, 21.537334442138672, 20.802431106567383
24.042329788208008, 23.330482482910156, 22.785930633544922
24.293987274169922, 23.615734100341797, 22.525020599365234
24.68449592590332, 24.29571533203125, 24.58414077758789
24.79231834411621, 23.909677505493164, 23.545488357543945
23.348220825195312, 22.849559783935547, 22.623849868774414
24.480785369873047, 23.55974578857422, 23.264863967895508
25.960365295410156, 24.60036849975586, 26.24532699584961
24.09775161743164, 23.798553466796875, 22.954374313354492
23.869787216186523, 23.287153244018555, 23.029170989990234
23.04404640197754, 22.48873519897461, 22.112674713134766
23.21084213256836, 23.013137817382812, 22.902475357055664
24.26454734802246, 23.97406578063965, 23.411163330078125
23.225248336791992, 22.507591247558594, 22.113788604736328
23.373762130737305, 23.191509246826172, 22.466392517089844
25.618682861328125, 24.762062072753906, 23.158411026000977
22.339305877685547, 21.320667266845703, 20.652963638305664
24.861032485961914, 24.310821533203125, 23.385061264038086
24.136411666870117, 23.71441078186035, 22.53884506225586
26.610492706298828, 24.697105407714844, 23.028156280517578
24.041866302490234, 23.370403289794922, 22.635116577148438
24.82642936706543, 24.485355377197266, 24.162174224853516
26.82575225830078, 23.93634796142578, 22.114301681518555
28.134292602539062, 25.491546630859375, 23.060747146606445
24.04556655883789, 23.752431869506836, 23.301952362060547
24.43588638305664, 23.368255615234375, 23.050186157226562
24.37713050842285, 24.20999526977539, 23.33967399597168
24.960329055786133, 24.63597297668457, 22.675579071044922
24.268781661987305, 24.263412475585938, 23.035486221313477
23.34266471862793, 22.42460060119629, 21.936616897583008
23.955408096313477, 23.226787567138672, 22.542144775390625
25.02957534790039, 24.204729080200195, 23.69329261779785
25.302871704101562, 25.375720977783203, 23.38192367553711
25.167837142944336, 25.114383697509766, 23.26566505432129
24.178020477294922, 23.65911293029785, 22.787391662597656
24.208438873291016, 23.443368911743164, 22.52342987060547
24.684505462646484, 24.573617935180664, 23.716386795043945
25.569950103759766, 24.033117294311523, 24.409343719482422
25.09952163696289, 24.068864822387695, 23.68707275390625
25.274274826049805, 24.151567459106445, 22.241182327270508
24.39711570739746, 22.50977325439453, 20.759431838989258
25.485328674316406, 24.70906639099121, 24.82303810119629
24.326873779296875, 23.472997665405273, 21.819576263427734
25.184398651123047, 25.079206466674805, 23.646425247192383
24.72650146484375, 24.575111389160156, 24.574106216430664
24.722103118896484, 24.369356155395508, 24.072559356689453
21.806310653686523, 21.313819885253906, 20.51872444152832
24.697946548461914, 23.643329620361328, 22.423337936401367
24.51055145263672, 23.904088973999023, 22.732311248779297
24.575769424438477, 24.219715118408203, 23.50384521484375
24.638317108154297, 24.304304122924805, 23.2427978515625
23.7994327545166, 23.49764060974121, 23.128189086914062
25.170377731323242, 25.35095977783203, 25.267480850219727
24.296878814697266, 23.58075714111328, 22.826658248901367
21.862760543823242, 20.854520797729492, 20.2723388671875
25.947925567626953, 24.23821258544922, 22.48647117614746
24.58664321899414, 23.714942932128906, 23.41661834716797
24.723024368286133, 24.665077209472656, 24.70440101623535
24.13530731201172, 23.27499008178711, 23.234622955322266
24.978525161743164, 24.733415603637695, 25.097396850585938
24.808853149414062, 25.088041305541992, 24.575515747070312
21.423728942871094, 20.733097076416016, 20.330583572387695
25.87456703186035, 24.7138671875, 24.36918830871582
24.32514762878418, 23.488826751708984, 23.137283325195312
26.03738021850586, 23.7265567779541, 22.202285766601562
18.381290435791016, 17.967853546142578, 17.703075408935547
24.091625213623047, 23.315122604370117, 22.6326847076416
24.862308502197266, 24.995887756347656, 23.55209732055664
24.93110466003418, 24.4444637298584, 22.944616317749023
25.052593231201172, 24.508403778076172, 23.864830017089844
24.948360443115234, 24.499004364013672, 24.248716354370117
24.98805809020996, 24.93885040283203, 24.609542846679688
24.571483612060547, 22.298442840576172, 21.564687728881836
24.416566848754883, 24.16407012939453, 23.48969078063965
24.3128719329834, 23.869091033935547, 23.327510833740234
22.942331314086914, 22.122541427612305, 21.290508270263672
22.366901397705078, 21.67120361328125, 21.09473991394043
25.75251579284668, 24.083044052124023, 23.453969955444336
24.942214965820312, 24.76937484741211, 23.85954475402832
24.845565795898438, 25.188871383666992, 24.49690818786621
24.383495330810547, 23.683143615722656, 22.919334411621094
24.52405548095703, 24.119239807128906, 23.350337982177734
22.18209457397461, 21.16412925720215, 20.17448616027832
25.257953643798828, 24.78791618347168, 23.857603073120117
25.07999038696289, 24.163414001464844, 22.824520111083984
25.045269012451172, 24.205463409423828, 23.986568450927734
23.307537078857422, 22.2866153717041, 21.783477783203125
26.238943099975586, 24.87796974182129, 23.20506477355957
25.313203811645508, 24.642841339111328, 23.38804054260254
24.310596466064453, 23.125904083251953, 22.20747947692871
23.694313049316406, 22.892745971679688, 22.642990112304688
26.470632553100586, 24.115224838256836, 22.081289291381836
23.78361701965332, 23.67696762084961, 23.782577514648438
25.397178649902344, 24.379283905029297, 24.108627319335938
25.806316375732422, 24.145631790161133, 23.558521270751953
22.99029541015625, 21.499773025512695, 20.574207305908203
25.095989227294922, 24.684587478637695, 24.153223037719727
24.99464225769043, 24.5131778717041, 23.630834579467773
25.156429290771484, 24.448896408081055, 23.060684204101562
23.949337005615234, 23.629940032958984, 22.689287185668945
23.418432235717773, 22.707672119140625, 22.12487030029297
22.859981536865234, 21.862680435180664, 21.3909854888916
26.503341674804688, 26.106388092041016, 23.251575469970703
23.862529754638672, 22.834074020385742, 21.850250244140625
23.762325286865234, 22.95987319946289, 21.67603874206543
24.23539161682129, 23.87928009033203, 23.72115707397461
24.63239860534668, 24.170970916748047, 23.7276611328125
23.38304901123047, 22.676315307617188, 21.7838191986084
23.473058700561523, 22.566173553466797, 22.39866828918457
25.18854522705078, 23.58223533630371, 22.008268356323242
24.186100006103516, 23.760107040405273, 23.05364418029785
24.86840057373047, 23.661855697631836, 23.407855987548828
25.02812385559082, 24.680288314819336, 24.41815948486328
24.85706329345703, 25.210214614868164, 24.40536117553711
25.745281219482422, 24.71057891845703, 22.745975494384766
24.104360580444336, 23.82387924194336, 23.643444061279297
25.18198013305664, 24.866043090820312, 24.017139434814453
25.41411018371582, 24.485015869140625, 24.430517196655273
25.57539939880371, 24.793073654174805, 23.44084930419922
23.94875144958496, 23.245567321777344, 22.316938400268555
23.6571102142334, 22.74720001220703, 21.731740951538086
25.718547821044922, 24.893802642822266, 24.411605834960938
24.804718017578125, 24.978775024414062, 24.003084182739258
23.524076461791992, 22.95856475830078, 22.122594833374023
26.391693115234375, 24.51114273071289, 24.378299713134766
25.856473922729492, 25.386451721191406, 23.327669143676758
24.351083755493164, 23.92417335510254, 23.223251342773438
24.663238525390625, 24.137069702148438, 23.794593811035156
24.57162857055664, 24.539630889892578, 23.902942657470703
23.81954002380371, 22.64044952392578, 21.574443817138672
23.33062171936035, 22.73727798461914, 22.315610885620117
24.99273109436035, 24.328704833984375, 22.78777503967285
23.09506607055664, 22.235857009887695, 21.747249603271484
25.437828063964844, 24.68680763244629, 23.499862670898438
23.63516616821289, 22.717851638793945, 22.193328857421875
24.14361000061035, 23.759687423706055, 22.28848648071289
22.630901336669922, 21.38700294494629, 20.476490020751953
24.81486701965332, 22.674522399902344, 21.029220581054688
24.454681396484375, 24.336877822875977, 23.468860626220703
20.915945053100586, 20.273405075073242, 19.87925148010254
25.121185302734375, 24.603553771972656, 23.797080993652344
23.624494552612305, 23.04800033569336, 22.17913246154785
24.573755264282227, 24.483430862426758, 23.533571243286133
23.612579345703125, 22.684946060180664, 21.365489959716797
24.58515167236328, 23.922794342041016, 22.685039520263672
25.319232940673828, 24.43994903564453, 23.710744857788086
24.82610321044922, 24.677778244018555, 23.810213088989258
24.378543853759766, 23.642045974731445, 23.118011474609375
26.57212257385254, 26.37582778930664, 23.60004997253418
24.22551727294922, 23.908037185668945, 23.2796630859375
24.018768310546875, 23.45269775390625, 23.290359497070312
24.520488739013672, 23.94970703125, 23.902393341064453
25.553146362304688, 24.49240493774414, 23.71974754333496
22.905067443847656, 21.96158790588379, 21.20879364013672
24.179319381713867, 24.032323837280273, 23.358606338500977
24.005584716796875, 23.723474502563477, 22.73336410522461
23.964738845825195, 23.12990951538086, 22.644317626953125
25.44294548034668, 24.61626625061035, 24.23511505126953
23.55796241760254, 22.633867263793945, 22.29163360595703
23.30255699157715, 22.825654983520508, 21.81460189819336
24.855886459350586, 24.69148826599121, 23.907024383544922
22.7654972076416, 22.217334747314453, 21.82428550720215
23.770450592041016, 22.13327407836914, 21.097307205200195
21.602588653564453, 20.96561050415039, 20.501617431640625
24.986818313598633, 24.20267105102539, 23.82373809814453
24.64051628112793, 23.160917282104492, 22.083101272583008
24.150463104248047, 23.687191009521484, 22.729698181152344
25.439645767211914, 24.59328842163086, 23.872581481933594
23.943254470825195, 23.510316848754883, 23.6197509765625
24.12098503112793, 23.761966705322266, 23.554136276245117
23.493661880493164, 22.92254066467285, 22.363168716430664
23.0222110748291, 21.996782302856445, 21.563777923583984
24.638071060180664, 23.858314514160156, 23.39455223083496
24.593759536743164, 24.27884864807129, 23.23158073425293
23.285987854003906, 22.87012481689453, 22.638416290283203
25.410160064697266, 24.163856506347656, 23.71377182006836
24.198022842407227, 23.55618667602539, 22.961910247802734
25.54534912109375, 24.83049964904785, 25.669675827026367
25.298954010009766, 24.13322639465332, 22.50328826904297
23.06397819519043, 22.098857879638672, 21.504615783691406
22.966794967651367, 22.23063850402832, 21.364063262939453
24.654972076416016, 24.102489471435547, 23.11208724975586
20.11009979248047, 19.425559997558594, 18.956132888793945
24.824508666992188, 25.028087615966797, 24.147994995117188
23.474822998046875, 22.926557540893555, 21.805282592773438
24.95562171936035, 23.724870681762695, 23.088533401489258
25.441349029541016, 25.033891677856445, 24.39397430419922
25.422290802001953, 24.204328536987305, 23.89775848388672
24.28530502319336, 24.11032485961914, 23.885969161987305
24.814590454101562, 24.551563262939453, 23.647247314453125
25.45702362060547, 23.468902587890625, 22.437334060668945
25.00434112548828, 24.283308029174805, 22.757570266723633
25.87259292602539, 24.096399307250977, 24.059858322143555
24.377519607543945, 23.774452209472656, 23.164840698242188
22.32780647277832, 21.21112060546875, 20.623680114746094
24.953651428222656, 24.445167541503906, 23.68122673034668
24.672210693359375, 24.23346710205078, 22.811079025268555
25.07425308227539, 24.2191162109375, 23.037628173828125
23.002822875976562, 22.400676727294922, 22.023155212402344
23.596494674682617, 23.12518310546875, 22.889678955078125
24.597915649414062, 24.305204391479492, 23.83978843688965
24.03688621520996, 23.681293487548828, 22.969650268554688
24.361984252929688, 23.926753997802734, 23.836986541748047
24.812368392944336, 24.153146743774414, 23.064611434936523
23.752235412597656, 23.830516815185547, 22.539331436157227
24.770633697509766, 24.125337600708008, 23.96710205078125
23.811115264892578, 24.071908950805664, 23.471660614013672
24.308332443237305, 23.24618911743164, 22.691614151000977
24.32465934753418, 23.426054000854492, 23.078819274902344
24.908679962158203, 24.09495735168457, 23.04355812072754
24.775226593017578, 24.165342330932617, 23.791297912597656
24.431190490722656, 23.76532554626465, 22.741376876831055
23.745737075805664, 22.612516403198242, 22.0407772064209
24.443239212036133, 24.121992111206055, 23.138870239257812
25.173870086669922, 24.91950225830078, 23.811195373535156
23.77261734008789, 23.45987892150879, 22.722606658935547
23.774974822998047, 23.643579483032227, 23.39728355407715
22.912904739379883, 22.506181716918945, 21.84415054321289
24.80902671813965, 24.559253692626953, 23.86684799194336
25.25046157836914, 24.57027816772461, 23.96261978149414
22.914505004882812, 21.958152770996094, 21.418045043945312
24.99823760986328, 24.441171646118164, 23.57689666748047
24.305280685424805, 24.433488845825195, 23.59478187561035
24.803009033203125, 24.797380447387695, 24.14708709716797
25.091346740722656, 25.065937042236328, 23.838275909423828
24.30042266845703, 24.287538528442383, 23.127809524536133
24.385448455810547, 23.999866485595703, 23.45322608947754
24.363632202148438, 24.316492080688477, 23.056982040405273
25.072879791259766, 25.11869239807129, 24.43155288696289
24.863187789916992, 24.533435821533203, 24.705514907836914
24.5319881439209, 24.781444549560547, 23.624879837036133
24.65791893005371, 24.804807662963867, 24.398353576660156
24.72666358947754, 23.96605682373047, 23.08744239807129
25.631576538085938, 24.61583709716797, 24.24225616455078
24.833261489868164, 24.22756004333496, 22.930091857910156
22.59703826904297, 21.923049926757812, 21.591398239135742
22.792465209960938, 21.72507667541504, 21.21908187866211
21.88841438293457, 21.24303436279297, 20.848501205444336
25.60934829711914, 24.729068756103516, 23.710832595825195
