m_g, m_r, m_z
25.810544967651367, 23.843196868896484, 22.900781631469727
25.63237762451172, 24.577688217163086, 22.80486488342285
24.614656448364258, 23.036434173583984, 21.61635971069336
23.965991973876953, 23.942289352416992, 23.595949172973633
21.291980743408203, 20.216249465942383, 19.536209106445312
25.04447364807129, 23.435718536376953, 21.76042938232422
23.706254959106445, 23.19526481628418, 22.670082092285156
23.16107940673828, 22.29279899597168, 21.973642349243164
20.361997604370117, 19.832923889160156, 19.46497344970703
23.476144790649414, 22.745573043823242, 21.975038528442383
24.175418853759766, 23.802766799926758, 23.09829330444336
24.403583526611328, 23.67973518371582, 23.691070556640625
24.07149314880371, 23.86981201171875, 23.45954704284668
30.452991485595703, 24.945873260498047, 22.898447036743164
24.172510147094727, 23.307510375976562, 22.978784561157227
22.922258377075195, 22.091629028320312, 21.6810245513916
23.53656768798828, 23.05226707458496, 23.00177764892578
24.89474868774414, 24.384754180908203, 23.33050537109375
24.57042694091797, 23.67489242553711, 23.43546485900879
26.547622680664062, 23.82402801513672, 22.128562927246094
24.092378616333008, 23.074012756347656, 22.550119400024414
23.959999084472656, 23.139354705810547, 22.139806747436523
22.424781799316406, 20.88538360595703, 19.47014617919922
23.02423858642578, 22.122329711914062, 21.722190856933594
25.66147232055664, 23.869792938232422, 23.38759994506836
23.51837158203125, 22.82308006286621, 22.39593505859375
24.03750228881836, 22.93682289123535, 22.45254135131836
23.48904800415039, 23.105201721191406, 22.0963134765625
24.50971794128418, 23.335411071777344, 22.959087371826172
23.84056854248047, 23.11349868774414, 22.109445571899414
24.495908737182617, 24.749155044555664, 23.467710494995117
24.71820068359375, 23.929285049438477, 22.973724365234375
25.898792266845703, 23.74738883972168, 22.365554809570312
23.29770851135254, 22.268051147460938, 21.260746002197266
23.37649917602539, 22.57268524169922, 22.103965759277344
19.58697509765625, 18.637203216552734, 17.97492027282715
23.637178421020508, 23.19089126586914, 22.458995819091797
22.062088012695312, 21.188676834106445, 20.612438201904297
20.488168716430664, 19.854122161865234, 19.35226058959961
22.450904846191406, 21.896291732788086, 21.6746768951416
22.336122512817383, 21.57916831970215, 21.02322006225586
23.78226089477539, 22.887928009033203, 22.08429718017578
23.579952239990234, 23.172771453857422, 22.495664596557617
21.473487854003906, 19.76401138305664, 18.780757904052734
22.408016204833984, 22.143138885498047, 21.911367416381836
26.124374389648438, 23.71047592163086, 23.140932083129883
22.21579360961914, 21.532024383544922, 21.232986450195312
21.36285972595215, 20.24005889892578, 19.454803466796875
25.173622131347656, 24.097126007080078, 23.250959396362305
24.89594268798828, 23.28014373779297, 22.581584930419922
21.869539260864258, 20.638029098510742, 19.837018966674805
23.638790130615234, 23.23282814025879, 22.785871505737305
24.42534065246582, 24.446796417236328, 23.85247039794922
24.02845573425293, 23.99858856201172, 23.0340633392334
21.425504684448242, 20.957422256469727, 20.652782440185547
24.8489933013916, 23.433162689208984, 22.694368362426758
20.84865951538086, 19.856748580932617, 19.18967628479004
22.98647117614746, 21.894651412963867, 20.9853515625
23.320302963256836, 21.7520694732666, 20.223892211914062
23.711666107177734, 22.954875946044922, 22.59882164001465
24.127037048339844, 24.52907371520996, 24.00212860107422
21.262432098388672, 20.46617889404297, 19.888978958129883
21.098466873168945, 19.94677734375, 19.28961944580078
21.42923355102539, 20.839902877807617, 20.47713851928711
19.471477508544922, 18.420196533203125, 17.72246551513672
23.15129280090332, 22.67879295349121, 22.148710250854492
22.14716911315918, 21.26027488708496, 20.663528442382812
23.189817428588867, 22.758399963378906, 22.14552116394043
22.54829216003418, 21.849294662475586, 21.495759963989258
23.80083465576172, 22.840303421020508, 22.96207618713379
26.76654052734375, 23.74712371826172, 23.167871475219727
25.77315330505371, 23.86205291748047, 21.761837005615234
23.36794662475586, 22.45288848876953, 21.557823181152344
21.305850982666016, 20.168325424194336, 19.4256649017334
22.312450408935547, 21.07208251953125, 20.215852737426758
24.234580993652344, 24.193689346313477, 22.807695388793945
23.557802200317383, 23.188936233520508, 22.087690353393555
24.133007049560547, 23.978151321411133, 23.468164443969727
24.487918853759766, 24.854263305664062, 22.996013641357422
24.215530395507812, 23.237646102905273, 22.611324310302734
24.115543365478516, 24.77564239501953, 24.012617111206055
24.18726921081543, 23.182552337646484, 23.34513282775879
23.644817352294922, 23.435556411743164, 22.396575927734375
22.983917236328125, 22.20871353149414, 21.53182029724121
24.491762161254883, 23.206157684326172, 22.810922622680664
23.591236114501953, 23.305341720581055, 23.138219833374023
22.388660430908203, 21.23341941833496, 20.574975967407227
24.302465438842773, 23.633108139038086, 23.13216209411621
24.268856048583984, 23.61583709716797, 22.718103408813477
22.408803939819336, 21.985858917236328, 21.69463539123535
24.546531677246094, 23.821447372436523, 23.017993927001953
24.419536590576172, 24.0063533782959, 23.121074676513672
22.68265724182129, 21.1075439453125, 19.867300033569336
24.36396598815918, 25.148386001586914, 24.062400817871094
22.682655334472656, 22.396757125854492, 22.225799560546875
22.797929763793945, 21.93144416809082, 21.226665496826172
23.20581817626953, 22.949308395385742, 22.691165924072266
24.88760757446289, 23.91144561767578, 23.689844131469727
24.41436004638672, 23.934341430664062, 23.177217483520508
23.009294509887695, 22.074180603027344, 21.769105911254883
23.7830867767334, 23.320526123046875, 22.30242919921875
25.287626266479492, 24.198015213012695, 22.855079650878906
23.733402252197266, 22.685487747192383, 22.196077346801758
24.405160903930664, 24.84542465209961, 23.671897888183594
24.12586212158203, 23.911544799804688, 27.109384536743164
22.33131217956543, 21.30168914794922, 20.613258361816406
22.7540340423584, 21.11899185180664, 20.207853317260742
23.471506118774414, 22.238454818725586, 21.64598274230957
23.30111312866211, 22.550186157226562, 21.86728286743164
24.153316497802734, 23.63563346862793, 24.331905364990234
21.193208694458008, 20.05675506591797, 19.31117057800293
22.722084045410156, 21.636493682861328, 20.943328857421875
22.249773025512695, 21.169677734375, 20.458026885986328
22.14598274230957, 21.261022567749023, 20.591320037841797
24.57526206970215, 24.182247161865234, 23.902605056762695
17.977176666259766, 16.74544906616211, 15.954150199890137
26.136838912963867, 25.42516326904297, 22.2734375
28.739994049072266, 25.428224563598633, 22.663707733154297
24.921674728393555, 24.481847763061523, 23.165910720825195
24.038496017456055, 23.696928024291992, 23.907316207885742
24.023632049560547, 24.103492736816406, 22.991241455078125
24.19336700439453, 23.63106346130371, 22.59353256225586
24.200428009033203, 23.85222625732422, 23.036298751831055
23.634382247924805, 23.05391502380371, 22.661039352416992
22.34288215637207, 21.774782180786133, 21.272918701171875
22.87063980102539, 21.73280143737793, 20.993301391601562
23.386865615844727, 22.2724552154541, 21.700836181640625
21.184900283813477, 19.765399932861328, 18.834609985351562
20.848968505859375, 19.461307525634766, 18.60428237915039
25.478374481201172, 24.949655532836914, 22.827136993408203
18.506738662719727, 18.017391204833984, 17.678321838378906
21.280508041381836, 20.59010124206543, 20.13895606994629
23.33636474609375, 22.74898338317871, 22.470346450805664
22.46757698059082, 21.500690460205078, 20.796466827392578
22.966550827026367, 22.755769729614258, 23.43836212158203
24.46625328063965, 24.056472778320312, 23.410173416137695
23.53355598449707, 23.043506622314453, 21.728647232055664
23.156234741210938, 21.67133903503418, 20.765655517578125
23.67886734008789, 22.960086822509766, 22.214879989624023
19.131254196166992, 18.117700576782227, 17.341312408447266
26.02008819580078, 23.90713882446289, 23.173358917236328
24.384628295898438, 23.507213592529297, 22.464319229125977
22.438037872314453, 21.396726608276367, 20.708541870117188
22.251001358032227, 21.271276473999023, 20.430156707763672
24.47456932067871, 23.736072540283203, 22.067729949951172
24.616682052612305, 22.77190399169922, 21.02448844909668
22.055112838745117, 21.352752685546875, 20.85849380493164
23.30438232421875, 22.725175857543945, 22.563907623291016
22.451759338378906, 22.6437931060791, 22.39391326904297
23.88486671447754, 23.51352310180664, 22.192054748535156
24.116134643554688, 24.11696434020996, 22.92706298828125
23.51378631591797, 23.0289249420166, 22.927614212036133
21.94646453857422, 20.836685180664062, 20.179758071899414
23.545053482055664, 23.436786651611328, 23.338619232177734
20.28860092163086, 19.522865295410156, 18.967844009399414
21.971675872802734, 21.160524368286133, 20.09434700012207
24.237857818603516, 24.330326080322266, 23.478574752807617
18.82045555114746, 18.129886627197266, 17.674694061279297
25.210857391357422, 23.849084854125977, 23.061111450195312
21.38821029663086, 20.23931312561035, 19.372587203979492
24.85810661315918, 23.538217544555664, 22.630584716796875
23.538410186767578, 22.397296905517578, 21.703392028808594
22.579483032226562, 21.758920669555664, 21.046714782714844
23.061660766601562, 22.55808448791504, 22.15916633605957
23.705156326293945, 23.38288116455078, 22.824913024902344
24.214759826660156, 23.21639633178711, 22.29692840576172
25.42681121826172, 24.506406784057617, 23.174081802368164
25.213544845581055, 23.56208038330078, 22.50740623474121
21.95221710205078, 20.917560577392578, 20.285572052001953
21.969816207885742, 21.305709838867188, 21.10393524169922
23.516220092773438, 23.611873626708984, 22.217300415039062
23.50049591064453, 22.890750885009766, 22.05242919921875
23.987876892089844, 23.606857299804688, 22.956600189208984
24.41858673095703, 22.558176040649414, 21.523193359375
25.348644256591797, 24.95607566833496, 23.377389907836914
23.736665725708008, 23.242748260498047, 22.187623977661133
24.935348510742188, 23.567657470703125, 23.17865753173828
23.904897689819336, 22.975252151489258, 22.35801124572754
24.38725471496582, 23.69540786743164, 22.71872901916504
24.235774993896484, 23.161043167114258, 23.640262603759766
23.6787052154541, 22.775354385375977, 22.05309295654297
20.41950225830078, 19.230249404907227, 18.396493911743164
21.337657928466797, 20.196876525878906, 19.495677947998047
24.467294692993164, 23.592939376831055, 22.12601661682129
23.856670379638672, 23.146106719970703, 22.329607009887695
24.995014190673828, 23.203266143798828, 22.531850814819336
18.573942184448242, 18.153629302978516, 18.036705017089844
24.81665802001953, 24.108631134033203, 23.618738174438477
19.757963180541992, 19.584753036499023, 19.587190628051758
26.08603286743164, 23.893627166748047, 21.915010452270508
24.79442024230957, 23.79300308227539, 23.16501235961914
24.019237518310547, 24.113719940185547, 25.616493225097656
24.111644744873047, 23.69717025756836, 23.698373794555664
23.731996536254883, 21.81600570678711, 20.71636962890625
22.12892723083496, 20.62692642211914, 19.96377182006836
14.681958198547363, 14.049661636352539, 13.523399353027344
29.047874450683594, 29.08958625793457, 22.941919326782227
24.317272186279297, 23.98635482788086, 24.947908401489258
24.555286407470703, 24.567106246948242, 25.569581985473633
24.316118240356445, 23.328868865966797, 22.123790740966797
24.082468032836914, 23.93191146850586, 22.870080947875977
24.10382843017578, 22.930776596069336, 22.223970413208008
24.068683624267578, 22.81496810913086, 22.463294982910156
24.523351669311523, 24.700511932373047, 23.59031867980957
24.29206657409668, 23.426963806152344, 22.906606674194336
24.390979766845703, 24.05389404296875, 23.60100746154785
24.003250122070312, 23.825363159179688, 23.26973533630371
24.88882064819336, 24.029491424560547, 23.415550231933594
24.209104537963867, 23.325366973876953, 22.78200912475586
22.206998825073242, 21.775510787963867, 21.6999454498291
20.888486862182617, 20.748279571533203, 20.675884246826172
24.418298721313477, 24.25035858154297, 22.840953826904297
17.07828140258789, 16.710453033447266, 16.55771255493164
20.57841682434082, 20.73269271850586, 21.626996994018555
22.61551284790039, 20.786449432373047, 19.481403350830078
22.804086685180664, 22.26776885986328, 22.072038650512695
24.359210968017578, 23.953189849853516, 22.894624710083008
17.39413833618164, 17.01879119873047, 16.77348518371582
24.7780704498291, 24.664947509765625, 22.838289260864258
23.68305778503418, 22.992141723632812, 22.586872100830078
25.851409912109375, 23.94308853149414, 22.751440048217773
22.034421920776367, 21.50539779663086, 21.255359649658203
22.144773483276367, 21.962364196777344, 22.135601043701172
24.20172691345215, 23.499103546142578, 23.004369735717773
24.524259567260742, 23.738765716552734, 22.96187973022461
24.35623550415039, 24.107561111450195, 21.916452407836914
22.119056701660156, 20.94178581237793, 19.78582191467285
24.67103385925293, 23.69684600830078, 26.165992736816406
24.493173599243164, 24.42900276184082, 24.62395668029785
24.809368133544922, 23.805986404418945, 23.884788513183594
24.758087158203125, 24.31928253173828, 23.119932174682617
23.031694412231445, 21.94795036315918, 21.28914451599121
24.358713150024414, 24.368427276611328, 23.59319496154785
24.39733123779297, 23.406986236572266, 22.082321166992188
23.45118522644043, 21.48356819152832, 19.85126495361328
24.38359260559082, 23.982173919677734, 22.947694778442383
23.372520446777344, 22.67079734802246, 21.651430130004883
24.630897521972656, 23.880563735961914, 22.865137100219727
25.23932456970215, 23.943023681640625, 22.73038101196289
23.08111000061035, 22.139249801635742, 21.491456985473633
24.54754638671875, 24.28236961364746, 23.46410369873047
23.687637329101562, 23.001018524169922, 22.103805541992188
24.09409523010254, 23.152158737182617, 23.43519401550293
22.71628189086914, 21.944049835205078, 21.594608306884766
25.238046646118164, 24.06186294555664, 23.253385543823242
24.118297576904297, 23.77779197692871, 23.00649070739746
23.402359008789062, 23.199066162109375, 22.37957763671875
23.725435256958008, 22.47095489501953, 21.836042404174805
23.769804000854492, 22.919513702392578, 22.267831802368164
23.189720153808594, 21.498558044433594, 20.33043098449707
23.49762535095215, 22.753305435180664, 22.65753173828125
26.147306442260742, 24.49466323852539, 22.78676414489746
23.596595764160156, 22.83687400817871, 22.12102699279785
23.983266830444336, 23.238895416259766, 22.49854278564453
23.912933349609375, 23.654193878173828, 23.18889617919922
25.32585334777832, 24.436647415161133, 22.728710174560547
24.63796615600586, 23.907840728759766, 22.613807678222656
24.027164459228516, 23.4757022857666, 22.408992767333984
24.08987045288086, 23.552690505981445, 22.930469512939453
24.49302101135254, 23.438861846923828, 22.76340103149414
23.67713737487793, 22.811412811279297, 22.240867614746094
24.487651824951172, 24.173093795776367, 25.624000549316406
24.55872344970703, 24.72048568725586, 23.25118064880371
23.918455123901367, 23.81300163269043, 24.73980140686035
25.130435943603516, 23.827560424804688, 24.281665802001953
24.23514175415039, 23.68442726135254, 23.504615783691406
23.544902801513672, 22.84157371520996, 22.49228286743164
27.104984283447266, 26.82229232788086, 22.024751663208008
23.252059936523438, 22.422210693359375, 22.105737686157227
24.70494270324707, 23.67454719543457, 22.823030471801758
24.460214614868164, 23.642648696899414, 23.117263793945312
21.563018798828125, 20.477346420288086, 19.781352996826172
23.22297477722168, 23.14584732055664, 22.62482261657715
23.927762985229492, 23.303874969482422, 22.751554489135742
23.172914505004883, 22.023818969726562, 21.05172348022461
24.7922420501709, 23.84384536743164, 22.101518630981445
24.47746467590332, 23.82403564453125, 23.799646377563477
23.969335556030273, 23.88454246520996, 23.745344161987305
23.894161224365234, 23.024477005004883, 21.97413444519043
22.9997501373291, 22.269489288330078, 21.713287353515625
24.169696807861328, 23.035524368286133, 23.163148880004883
22.575193405151367, 22.22560691833496, 21.497947692871094
23.72986602783203, 23.3367919921875, 22.653799057006836
24.571155548095703, 23.298826217651367, 22.53938102722168
23.948259353637695, 23.551708221435547, 22.517717361450195
23.918834686279297, 23.35102653503418, 22.149106979370117
23.973918914794922, 22.977514266967773, 23.2027530670166
21.81329917907715, 20.730972290039062, 20.041793823242188
24.003658294677734, 23.19880485534668, 22.686256408691406
24.985517501831055, 23.315950393676758, 22.709747314453125
24.743366241455078, 24.0511531829834, 23.597087860107422
20.501361846923828, 19.324907302856445, 18.47395133972168
24.446550369262695, 23.694469451904297, 22.63448715209961
23.43183708190918, 23.107948303222656, 22.787141799926758
24.148786544799805, 24.1319522857666, 23.18950843811035
23.542699813842773, 23.265817642211914, 22.781898498535156
25.61803436279297, 24.741374969482422, 23.2900447845459
23.5000057220459, 22.340801239013672, 21.64458656311035
24.259056091308594, 23.5523681640625, 23.68193817138672
24.39777946472168, 24.0733642578125, 22.7503662109375
21.6677188873291, 20.969480514526367, 20.495914459228516
24.975446701049805, 23.387590408325195, 21.745418548583984
23.41207504272461, 22.868579864501953, 21.5499267578125
22.45111656188965, 21.682355880737305, 21.336626052856445
24.180524826049805, 22.84442901611328, 21.27900505065918
24.987836837768555, 23.811145782470703, 23.863037109375
25.80632209777832, 23.57236099243164, 22.993837356567383
24.39266586303711, 24.116436004638672, 23.324020385742188
22.890336990356445, 22.361989974975586, 21.654556274414062
23.4746036529541, 22.556209564208984, 22.027429580688477
22.849441528320312, 21.61439323425293, 20.6390323638916
24.33480453491211, 23.417367935180664, 23.69960594177246
24.527135848999023, 24.589197158813477, 24.753562927246094
24.195697784423828, 23.70014762878418, 23.308820724487305
23.72174835205078, 23.777942657470703, 22.385046005249023
24.388153076171875, 24.000741958618164, 23.45423126220703
22.698225021362305, 20.854190826416016, 19.867923736572266
24.452356338500977, 24.29437255859375, 23.928163528442383
23.53936004638672, 22.59362030029297, 21.198612213134766
24.459501266479492, 23.497722625732422, 21.945249557495117
25.265949249267578, 23.992616653442383, 22.95668601989746
24.473705291748047, 24.076921463012695, 23.366125106811523
24.24095916748047, 24.652873992919922, 23.122699737548828
24.276981353759766, 24.117324829101562, 22.991666793823242
22.048490524291992, 22.007801055908203, 21.863012313842773
22.373035430908203, 21.551605224609375, 20.675268173217773
24.46074676513672, 23.760692596435547, 23.04698944091797
23.67428970336914, 23.693723678588867, 23.011131286621094
24.247995376586914, 23.639467239379883, 23.148916244506836
24.57840919494629, 24.41694450378418, 23.430856704711914
24.411710739135742, 23.260231018066406, 22.71937370300293
21.06256675720215, 20.743148803710938, 20.796554565429688
22.763648986816406, 21.739137649536133, 20.361652374267578
23.72515296936035, 23.321260452270508, 22.3946475982666
22.775867462158203, 21.88416862487793, 21.457469940185547
25.203907012939453, 23.23605728149414, 22.394319534301758
23.318689346313477, 22.869258880615234, 21.957563400268555
23.704578399658203, 23.234724044799805, 21.982229232788086
21.89231300354004, 21.31337547302246, 20.967979431152344
24.023027420043945, 22.912132263183594, 23.25918960571289
23.295635223388672, 22.80962371826172, 21.782127380371094
24.537607192993164, 22.696544647216797, 21.359729766845703
23.883047103881836, 22.206445693969727, 21.26291275024414
23.782594680786133, 23.703020095825195, 22.779584884643555
23.988759994506836, 22.971891403198242, 22.57489776611328
20.1873722076416, 19.885616302490234, 19.780941009521484
24.55607795715332, 22.582923889160156, 20.756908416748047
21.934309005737305, 21.40167808532715, 21.067020416259766
23.236825942993164, 23.011411666870117, 22.57488250732422
24.70723533630371, 23.399906158447266, 22.999828338623047
24.426090240478516, 23.75697898864746, 24.272762298583984
22.09834861755371, 21.573150634765625, 21.539148330688477
21.894407272338867, 22.115257263183594, 22.320505142211914
23.91521453857422, 24.5948543548584, 25.269775390625
23.072965621948242, 22.4676513671875, 22.121320724487305
24.02096939086914, 23.735431671142578, 23.910240173339844
24.560625076293945, 23.483261108398438, 22.830556869506836
24.068248748779297, 22.866722106933594, 22.027938842773438
20.804689407348633, 19.64614486694336, 18.902666091918945
16.77005386352539, 16.4583740234375, 16.246692657470703
24.677099227905273, 24.151235580444336, 23.500600814819336
24.483028411865234, 23.737260818481445, 22.266700744628906
23.41048812866211, 23.378969192504883, 23.054513931274414
26.390546798706055, 24.175495147705078, 21.591936111450195
23.692886352539062, 23.281614303588867, 23.499019622802734
21.53282928466797, 21.515602111816406, 21.367172241210938
21.41143226623535, 20.836214065551758, 20.345991134643555
16.003952026367188, 15.40910816192627, 14.956501960754395
23.806615829467773, 23.690916061401367, 22.625263214111328
25.08396339416504, 23.68480110168457, 21.497791290283203
23.393299102783203, 22.905059814453125, 22.772157669067383
23.973453521728516, 23.230276107788086, 22.587892532348633
23.746204376220703, 23.472881317138672, 22.63399314880371
25.898296356201172, 23.332439422607422, 22.210023880004883
24.063800811767578, 23.716251373291016, 22.13292121887207
24.099565505981445, 23.207395553588867, 22.36774253845215
23.56808090209961, 23.13277244567871, 23.025863647460938
22.353818893432617, 20.471607208251953, 19.185073852539062
22.564496994018555, 22.34673309326172, 21.338844299316406
23.729284286499023, 23.000465393066406, 22.759672164916992
24.156211853027344, 23.040557861328125, 22.68246841430664
24.23301887512207, 23.168609619140625, 23.499862670898438
23.85715675354004, 23.546661376953125, 22.79633331298828
23.844289779663086, 23.38471031188965, 23.212650299072266
24.691837310791016, 23.912906646728516, 22.59580421447754
25.193645477294922, 23.815465927124023, 22.397151947021484
24.104808807373047, 23.232568740844727, 24.02019500732422
23.637474060058594, 23.84838104248047, 23.05207061767578
22.955856323242188, 22.164844512939453, 21.36355972290039
22.896259307861328, 21.970272064208984, 21.4317684173584
23.232690811157227, 22.217479705810547, 21.589365005493164
23.672412872314453, 22.08042335510254, 20.87287139892578
24.080108642578125, 23.569639205932617, 23.754554748535156
23.65685272216797, 23.627056121826172, 22.880950927734375
23.700838088989258, 23.546836853027344, 23.174175262451172
24.6330623626709, 23.827816009521484, 25.0660343170166
23.977371215820312, 23.109092712402344, 22.590694427490234
23.203903198242188, 21.42081642150879, 20.368268966674805
25.23903465270996, 24.015745162963867, 23.26188850402832
24.708087921142578, 23.632741928100586, 23.436792373657227
23.3571834564209, 22.418210983276367, 21.82154083251953
24.018638610839844, 23.326019287109375, 22.766788482666016
24.113365173339844, 23.976421356201172, 23.21678352355957
23.95838165283203, 22.301790237426758, 21.3270263671875
24.24768829345703, 23.218656539916992, 22.858949661254883
24.132339477539062, 23.560880661010742, 23.253694534301758
23.643957138061523, 22.9315242767334, 22.02047348022461
24.24070167541504, 24.250732421875, 23.374948501586914
24.863861083984375, 24.38650894165039, 23.403610229492188
21.989498138427734, 21.428247451782227, 21.003681182861328
23.958845138549805, 22.98617172241211, 22.570995330810547
25.437850952148438, 23.574562072753906, 21.505538940429688
23.560625076293945, 22.760547637939453, 21.714765548706055
23.467618942260742, 22.384445190429688, 21.533689498901367
23.87021827697754, 23.509883880615234, 22.652023315429688
22.365646362304688, 21.169687271118164, 20.37132453918457
24.130035400390625, 23.227588653564453, 22.754514694213867
24.75822639465332, 24.256654739379883, 23.391164779663086
23.514007568359375, 22.78137969970703, 22.16884422302246
23.458221435546875, 23.16237449645996, 22.439525604248047
23.797353744506836, 23.44774055480957, 22.825437545776367
24.49660873413086, 24.064556121826172, 23.036128997802734
23.429540634155273, 22.917011260986328, 22.17546272277832
23.43204116821289, 22.723485946655273, 22.09103012084961
23.997722625732422, 22.89744758605957, 22.151180267333984
24.454357147216797, 23.530454635620117, 22.850189208984375
23.818662643432617, 22.948469161987305, 21.959829330444336
24.15134048461914, 24.009197235107422, 23.57850456237793
24.229097366333008, 23.426048278808594, 22.94204330444336
26.03963851928711, 23.092588424682617, 21.107341766357422
24.573518753051758, 23.985248565673828, 23.43968963623047
24.511106491088867, 24.0189208984375, 23.342086791992188
25.274959564208984, 25.65996551513672, 23.02082061767578
25.393037796020508, 24.201539993286133, 22.29765510559082
31.578296661376953, 24.442869186401367, 22.46563148498535
24.094789505004883, 23.540491104125977, 23.250452041625977
24.485828399658203, 23.662200927734375, 23.580764770507812
23.589157104492188, 23.02501678466797, 22.524709701538086
26.379175186157227, 24.461580276489258, 22.346168518066406
25.05574607849121, 23.93364715576172, 22.030195236206055
24.273271560668945, 23.238365173339844, 21.952516555786133
24.21111297607422, 24.450498580932617, 22.891878128051758
24.953758239746094, 23.907623291015625, 23.335298538208008
24.24332046508789, 23.606523513793945, 22.53806495666504
23.952899932861328, 23.881940841674805, 22.911203384399414
24.62460708618164, 24.116193771362305, 23.404130935668945
23.507219314575195, 22.5522403717041, 21.178241729736328
24.283910751342773, 23.365854263305664, 22.945932388305664
22.821332931518555, 21.508136749267578, 20.483896255493164
24.40749168395996, 23.53830337524414, 22.56390380859375
24.4846134185791, 23.888851165771484, 24.573457717895508
24.98169708251953, 23.48748016357422, 22.38935089111328
22.944013595581055, 22.102266311645508, 21.399333953857422
23.620933532714844, 23.2895565032959, 22.662174224853516
24.819700241088867, 23.394031524658203, 21.54904556274414
26.236282348632812, 24.29585838317871, 22.585124969482422
23.170881271362305, 22.445968627929688, 21.384300231933594
23.682924270629883, 23.081409454345703, 21.84365463256836
20.987537384033203, 19.87881088256836, 19.17932891845703
25.711183547973633, 24.151317596435547, 21.800701141357422
24.58576011657715, 23.667381286621094, 22.932470321655273
22.29798698425293, 20.92157554626465, 20.213951110839844
26.739898681640625, 26.99820327758789, 22.742612838745117
23.524187088012695, 22.750268936157227, 22.522863388061523
24.662883758544922, 24.145381927490234, 23.193180084228516
24.210651397705078, 23.840412139892578, 23.475074768066406
24.08086585998535, 23.455184936523438, 22.45945930480957
23.23045539855957, 22.595325469970703, 22.17591094970703
21.916841506958008, 20.40654945373535, 19.543256759643555
24.29595184326172, 24.34507179260254, 24.141233444213867
20.795183181762695, 19.91666603088379, 19.363243103027344
24.702123641967773, 24.42172622680664, 23.467830657958984
24.185218811035156, 24.030038833618164, 23.819366455078125
24.706689834594727, 23.90450668334961, 24.1228084564209
23.5340576171875, 22.284244537353516, 21.420623779296875
21.38507843017578, 20.48145294189453, 19.72686004638672
23.875354766845703, 22.284236907958984, 21.100584030151367
24.421594619750977, 25.314977645874023, 23.488998413085938
21.995330810546875, 20.825284957885742, 19.83500862121582
24.338977813720703, 23.81365966796875, 22.598976135253906
23.494482040405273, 22.309850692749023, 21.66250991821289
23.037294387817383, 22.490705490112305, 21.240612030029297
24.582765579223633, 24.05271339416504, 23.83377456665039
24.550500869750977, 24.150882720947266, 24.172386169433594
24.72226905822754, 22.76508331298828, 20.810178756713867
23.756502151489258, 22.763111114501953, 22.424240112304688
22.576276779174805, 20.732547760009766, 19.61600112915039
24.541332244873047, 24.406009674072266, 23.397289276123047
23.63681983947754, 23.2326602935791, 22.51704978942871
22.07821273803711, 21.273099899291992, 20.861413955688477
23.885540008544922, 22.799060821533203, 22.187416076660156
24.392730712890625, 23.332632064819336, 22.643245697021484
24.633460998535156, 23.521148681640625, 22.995532989501953
27.21453285217285, 24.025461196899414, 22.25448989868164
23.91321563720703, 23.689254760742188, 22.69390296936035
23.22315788269043, 23.14630699157715, 22.566455841064453
23.846271514892578, 23.344284057617188, 23.519132614135742
23.591955184936523, 22.047649383544922, 21.19976043701172
24.12078094482422, 23.741796493530273, 22.986507415771484
24.46635627746582, 23.96415138244629, 23.796199798583984
25.099781036376953, 23.904544830322266, 23.227577209472656
22.294300079345703, 21.447290420532227, 20.798267364501953
21.94571876525879, 21.34115219116211, 20.933399200439453
23.523662567138672, 23.427722930908203, 22.31766128540039
22.48006248474121, 21.89015007019043, 21.608308792114258
22.941675186157227, 22.25124740600586, 21.2545223236084
23.56275749206543, 23.678714752197266, 23.168996810913086
24.734336853027344, 24.02729606628418, 22.93905258178711
24.709474563598633, 23.789541244506836, 23.324811935424805
25.392353057861328, 24.022113800048828, 21.723352432250977
24.088577270507812, 23.055017471313477, 22.46826171875
23.771778106689453, 22.971439361572266, 22.65167808532715
22.32691764831543, 21.791231155395508, 21.335771560668945
23.9039306640625, 23.11775779724121, 22.347087860107422
22.539979934692383, 21.91402244567871, 21.653766632080078
24.14935874938965, 24.113351821899414, 24.2293701171875
25.211524963378906, 23.500335693359375, 21.75865936279297
24.632747650146484, 23.3477783203125, 22.81280517578125
22.878028869628906, 22.080795288085938, 21.61964225769043
23.916316986083984, 22.623056411743164, 21.41273307800293
24.77811050415039, 23.331233978271484, 21.744112014770508
24.486656188964844, 24.18618392944336, 23.79009437561035
24.480863571166992, 23.503538131713867, 22.05596923828125
23.377445220947266, 22.754005432128906, 22.535659790039062
23.6962833404541, 23.286346435546875, 22.690269470214844
23.380088806152344, 22.85030174255371, 22.44890022277832
24.110591888427734, 23.72316551208496, 22.905216217041016
22.392601013183594, 21.632347106933594, 21.231679916381836
22.04515838623047, 21.422433853149414, 21.04612922668457
23.625247955322266, 23.064393997192383, 21.960342407226562
22.45323371887207, 21.365018844604492, 20.590831756591797
25.112464904785156, 23.796571731567383, 23.455718994140625
24.12226104736328, 23.234283447265625, 22.092491149902344
22.836381912231445, 22.22194480895996, 21.867338180541992
24.089502334594727, 23.966533660888672, 22.878023147583008
23.323095321655273, 22.433448791503906, 22.1214656829834
24.350933074951172, 23.09222984313965, 21.186752319335938
23.277172088623047, 22.331253051757812, 21.58708953857422
23.785568237304688, 23.928470611572266, 22.86986541748047
24.181795120239258, 23.4102725982666, 22.908143997192383
22.752304077148438, 22.039825439453125, 21.513797760009766
24.33156394958496, 23.10588836669922, 22.518312454223633
21.84932518005371, 21.142337799072266, 20.795307159423828
23.833436965942383, 23.56818962097168, 22.799551010131836
24.212202072143555, 23.99449920654297, 22.297597885131836
23.548725128173828, 22.913877487182617, 22.767210006713867
24.44437026977539, 23.84696388244629, 23.11167335510254
23.257719039916992, 22.30849838256836, 21.915559768676758
23.287141799926758, 22.13665771484375, 21.601449966430664
21.61957550048828, 20.066205978393555, 19.24883460998535
25.083267211914062, 24.060569763183594, 23.47982406616211
23.914113998413086, 23.61431312561035, 22.747692108154297
24.468355178833008, 23.714012145996094, 23.06593132019043
24.68547821044922, 24.988319396972656, 23.374984741210938
24.37437629699707, 23.61292266845703, 22.96321678161621
23.22371482849121, 22.191390991210938, 21.72583770751953
24.556968688964844, 23.702980041503906, 23.67353057861328
23.94500160217285, 24.25421142578125, 23.463930130004883
24.776287078857422, 24.105350494384766, 22.51616859436035
23.63752555847168, 23.250661849975586, 22.343652725219727
24.233036041259766, 23.82692527770996, 23.7869873046875
24.797029495239258, 24.604562759399414, 22.716676712036133
24.385913848876953, 23.50824546813965, 23.34550666809082
22.778873443603516, 21.002620697021484, 19.964210510253906
23.7806396484375, 23.024669647216797, 22.20831298828125
24.78873062133789, 23.933639526367188, 22.665067672729492
25.953685760498047, 24.697206497192383, 23.104381561279297
24.452070236206055, 24.37051010131836, 23.860395431518555
25.163970947265625, 23.894628524780273, 22.940828323364258
23.666362762451172, 23.52642250061035, 23.500783920288086
26.94061851501465, 25.281410217285156, 22.482898712158203
21.007543563842773, 20.07086944580078, 19.390003204345703
23.930313110351562, 22.892518997192383, 22.14068031311035
24.22103500366211, 23.664186477661133, 23.119781494140625
22.827848434448242, 22.4492244720459, 21.91568946838379
23.923938751220703, 23.864805221557617, 23.094341278076172
24.11105728149414, 22.957073211669922, 22.00617218017578
24.668867111206055, 23.665313720703125, 21.247926712036133
24.25738525390625, 23.4008731842041, 23.068256378173828
23.342185974121094, 20.988868713378906, 20.216901779174805
24.3419189453125, 22.558141708374023, 21.595277786254883
24.634233474731445, 24.113296508789062, 23.284976959228516
24.670162200927734, 23.12938117980957, 22.20132827758789
25.15251922607422, 22.856172561645508, 21.425397872924805
27.16429901123047, 24.673627853393555, 22.470924377441406
17.865638732910156, 17.341585159301758, 16.995410919189453
22.868804931640625, 22.116365432739258, 20.95380973815918
23.89592933654785, 23.369497299194336, 22.681222915649414
23.807170867919922, 23.302396774291992, 22.652076721191406
24.62163543701172, 22.847822189331055, 21.71908950805664
24.014110565185547, 24.034896850585938, 23.582550048828125
22.295713424682617, 22.443742752075195, 22.15838050842285
24.404512405395508, 23.018798828125, 21.511478424072266
23.851097106933594, 23.26219940185547, 23.084985733032227
23.296192169189453, 22.507436752319336, 22.317520141601562
22.388103485107422, 21.646915435791016, 21.292194366455078
24.021635055541992, 23.95684814453125, 23.215412139892578
23.833681106567383, 23.11602783203125, 22.47002410888672
23.68699073791504, 23.39924430847168, 22.4130916595459
23.736093521118164, 21.605327606201172, 20.391069412231445
23.26832389831543, 22.92313003540039, 22.099468231201172
21.31453514099121, 20.25349235534668, 19.43769073486328
24.17510223388672, 24.260717391967773, 23.807220458984375
22.78132438659668, 21.938095092773438, 21.402326583862305
23.389690399169922, 22.859113693237305, 21.954486846923828
22.950851440429688, 22.19723129272461, 21.972593307495117
24.150283813476562, 23.456165313720703, 23.05420684814453
20.950986862182617, 20.27286148071289, 19.791641235351562
15.374764442443848, 14.792745590209961, 14.330095291137695
21.17505645751953, 21.07062530517578, 21.947452545166016
24.244726181030273, 23.835643768310547, 22.898202896118164
23.647619247436523, 22.739944458007812, 22.403472900390625
24.52935028076172, 25.128799438476562, 24.291536331176758
24.57541275024414, 23.37770652770996, 22.13896369934082
24.786169052124023, 24.812015533447266, 23.547252655029297
25.416667938232422, 25.33924674987793, 22.332271575927734
25.01296615600586, 24.277326583862305, 22.367141723632812
25.362619400024414, 22.670238494873047, 20.490188598632812
23.839818954467773, 22.803083419799805, 21.950199127197266
24.18109130859375, 23.465524673461914, 22.258176803588867
23.261878967285156, 21.60423469543457, 20.60817527770996
29.535093307495117, 23.72838020324707, 22.05494499206543
23.913677215576172, 23.56003761291504, 22.340229034423828
24.613094329833984, 24.854267120361328, 23.299121856689453
22.40715789794922, 21.633752822875977, 21.464195251464844
24.623878479003906, 24.804079055786133, 23.973487854003906
23.732650756835938, 22.5856876373291, 21.63311767578125
23.91404151916504, 23.76099967956543, 23.1536865234375
24.51422119140625, 23.595842361450195, 23.183622360229492
23.764202117919922, 22.66334342956543, 21.92364501953125
24.36515235900879, 23.933921813964844, 23.7736759185791
23.57366371154785, 22.42938995361328, 21.994247436523438
25.786840438842773, 24.192338943481445, 22.597400665283203
23.996030807495117, 23.85397720336914, 23.55082893371582
25.392356872558594, 23.65869140625, 22.391984939575195
23.75732421875, 23.415454864501953, 22.86067771911621
22.528764724731445, 21.013654708862305, 19.976028442382812
24.169559478759766, 23.58819580078125, 22.971431732177734
23.75160789489746, 23.58386993408203, 22.53350067138672
23.62506675720215, 23.141902923583984, 22.51975440979004
24.928544998168945, 22.829904556274414, 20.734344482421875
23.952590942382812, 23.516019821166992, 22.48321533203125
24.021757125854492, 23.45567512512207, 22.371519088745117
24.34206199645996, 24.2393856048584, 23.798625946044922
22.857946395874023, 22.522560119628906, 22.493669509887695
23.45166778564453, 23.191669464111328, 22.271148681640625
24.477214813232422, 23.84304428100586, 23.179208755493164
23.486360549926758, 23.388763427734375, 22.824146270751953
23.24806785583496, 23.227970123291016, 23.593862533569336
24.4401798248291, 23.46947479248047, 23.117948532104492
23.70626449584961, 22.98700523376465, 21.899211883544922
22.4825382232666, 22.233415603637695, 21.799144744873047
21.73472023010254, 20.912399291992188, 20.324583053588867
23.781618118286133, 23.04287338256836, 21.780427932739258
24.395004272460938, 22.74098777770996, 21.481794357299805
24.674697875976562, 24.222959518432617, 22.931325912475586
27.089990615844727, 24.24758529663086, 22.24435043334961
24.229326248168945, 23.851472854614258, 24.075469970703125
25.761709213256836, 23.56608772277832, 21.770328521728516
21.66261863708496, 20.693479537963867, 19.95829200744629
23.148174285888672, 21.923858642578125, 21.21465301513672
24.475353240966797, 24.4664363861084, 23.748310089111328
25.041711807250977, 23.732776641845703, 23.681079864501953
24.53458023071289, 24.272214889526367, 24.30245018005371
22.192075729370117, 21.415544509887695, 20.886810302734375
23.878068923950195, 23.24261474609375, 22.295654296875
25.021095275878906, 23.933555603027344, 22.441492080688477
26.62232780456543, 24.244539260864258, 22.189468383789062
26.293521881103516, 24.80780601501465, 22.99523162841797
24.190099716186523, 24.721450805664062, 23.3194637298584
25.64411735534668, 23.980924606323242, 22.43516731262207
24.63983154296875, 24.197582244873047, 23.55263900756836
24.44615936279297, 23.940256118774414, 23.76900291442871
22.95104217529297, 22.125246047973633, 21.224809646606445
27.34876251220703, 24.268112182617188, 22.377225875854492
24.39827537536621, 23.439300537109375, 22.99224853515625
